{"producer":{"name":"Blender","version":"2.78 (sub 0)","exporter_version":"5.4.2","file":"character.babylon"},
"autoClear":true,"clearColor":[0.0509,0.0509,0.0509],"ambientColor":[0,0,0],"gravity":[0,-9.81,0],
"materials":[],
"multiMaterials":[],
"skeletons":[{"name":"Armature","id":0,"dimensionsAtRest":[1.5248,1.3384,0.4855],"bones":[
{"name":"root","index":0,"matrix":[-1,0,0,0,0,0,1,0,0,-1,0,0,0,0.4932,-0.3624,1],"rest":[-1,0,0,0,0,0,1,0,0,-1,0,0,0,0.4932,-0.3624,1],"parentBoneIndex":-1,"length":0.3624
,"animation":{"dataType":3,"framePerSecond":24,"keys":[
{"frame":0,"values":[-1,0,0,0,0,0,1,0,0,-1,0,0,0,0.4932,-0.3624,1]},
{"frame":1,"values":[-1,0,0,0,0,0,1,0,0,-1,0,0,0,0.4932,-0.3624,1]},
{"frame":11,"values":[-1,0,0,0,0,0,1,0,0,-1,0,0,0,0.4932,-0.3624,1]},
{"frame":130,"values":[-1,0,0,0,0,0,1,0,0,-1,0,0,0,0.4932,-0.3624,1]}],"loopBehavior":1,"name":"anim","property":"_matrix"}},
{"name":"Spine","index":1,"matrix":[1,0,0,0,0,0,-1,0,0,1,0,0,0,0.3624,0,1],"rest":[1,0,0,0,0,0,-1,0,0,1,0,0,0,0.3624,0,1],"parentBoneIndex":0,"length":0.4437
,"animation":{"dataType":3,"framePerSecond":24,"keys":[
{"frame":0,"values":[1,0,0,0,0,0,-1,0,0,1,0,0,0,0.3624,0,1]},
{"frame":1,"values":[1,0,0,0,0,0,-1,0,0,1,0,0,0,0.3624,0,1]},
{"frame":11,"values":[1,0,0,0,0,0,-1,0,0,1,0,0,0,0.3624,0,1]},
{"frame":130,"values":[1,0,0,0,0,0,-1,0,0,1,0,0,0,0.3624,0,1]}],"loopBehavior":1,"name":"anim","property":"_matrix"}},
{"name":"Shoulder-L","index":2,"matrix":[0.0846,-0.0358,0.9958,0,0.917,-0.3883,-0.0919,0,0.3899,0.9209,0,0,0,0.4437,0,1],"rest":[0.0846,-0.0358,0.9958,0,0.917,-0.3883,-0.0919,0,0.3899,0.9209,0,0,0,0.4437,0,1],"parentBoneIndex":1,"length":0.2257
,"animation":{"dataType":3,"framePerSecond":24,"keys":[
{"frame":0,"values":[0.0846,-0.0358,0.9958,0,0.917,-0.3883,-0.0919,0,0.3899,0.9209,0,0,0,0.4437,0,1]},
{"frame":1,"values":[0.0846,-0.0358,0.9958,0,0.917,-0.3883,-0.0919,0,0.3899,0.9209,0,0,0,0.4437,0,1]},
{"frame":11,"values":[0.0846,-0.0358,0.9958,0,0.917,-0.3883,-0.0919,0,0.3899,0.9209,0,0,0,0.4437,0,1]},
{"frame":130,"values":[0.0846,-0.0358,0.9958,0,0.917,-0.3883,-0.0919,0,0.3899,0.9209,0,0,0,0.4437,0,1]}],"loopBehavior":1,"name":"anim","property":"_matrix"}},
{"name":"UpperArm-L","index":3,"matrix":[0.905,-0.224,0.3617,0,0.4199,0.6079,-0.6739,0,-0.0689,0.7617,0.6442,0,0,0.2257,0,1],"rest":[0.9994,-0.0326,0.0063,0,0.0317,0.9939,0.1057,0,-0.0097,-0.1054,0.9944,0,0,0.2257,0,1],"parentBoneIndex":2,"length":0.2381
,"animation":{"dataType":3,"framePerSecond":24,"keys":[
{"frame":0,"values":[0.905,-0.224,0.3617,0,0.4199,0.6079,-0.6739,0,-0.0689,0.7617,0.6442,0,0,0.2257,0,1]},
{"frame":1,"values":[0.905,-0.224,0.3617,0,0.4199,0.6079,-0.6739,0,-0.0689,0.7617,0.6442,0,0,0.2257,0,1]},
{"frame":11,"values":[0.905,-0.224,0.3617,0,0.4199,0.6079,-0.6739,0,-0.0689,0.7617,0.6442,0,0,0.2257,0,1]},
{"frame":12,"values":[0.9041,-0.2236,0.3642,0,0.4215,0.6074,-0.6734,0,-0.0706,0.7623,0.6434,0,0,0.2257,0,1]},
{"frame":13,"values":[0.9014,-0.2225,0.3714,0,0.4263,0.6059,-0.6717,0,-0.0756,0.7638,0.641,0,0,0.2257,0,1]},
{"frame":14,"values":[0.8971,-0.2205,0.3829,0,0.4339,0.6033,-0.6691,0,-0.0835,0.7664,0.6369,0,0,0.2257,0,1]},
{"frame":15,"values":[0.8913,-0.2179,0.3975,0,0.4436,0.6002,-0.6656,0,-0.0935,0.7696,0.6316,0,0,0.2257,0,1]},
{"frame":16,"values":[0.8849,-0.2151,0.4132,0,0.454,0.5967,-0.6617,0,-0.1042,0.7731,0.6257,0,0,0.2257,0,1]},
{"frame":17,"values":[0.8787,-0.2124,0.4276,0,0.4636,0.5935,-0.6579,0,-0.114,0.7763,0.6199,0,0,0.2257,0,1]},
{"frame":18,"values":[0.8737,-0.2101,0.4388,0,0.4711,0.5909,-0.6549,0,-0.1217,0.7789,0.6152,0,0,0.2257,0,1]},
{"frame":19,"values":[0.8705,-0.2087,0.4458,0,0.4757,0.5891,-0.6531,0,-0.1263,0.7806,0.6121,0,0,0.2257,0,1]},
{"frame":20,"values":[0.8694,-0.2081,0.4481,0,0.4773,0.5884,-0.6527,0,-0.1278,0.7813,0.6109,0,0,0.2257,0,1]},
{"frame":21,"values":[0.8733,-0.2063,0.4413,0,0.4708,0.59,-0.6559,0,-0.1251,0.7806,0.6124,0,0,0.2257,0,1]},
{"frame":22,"values":[0.8849,-0.2007,0.4203,0,0.4509,0.5955,-0.6649,0,-0.1169,0.7778,0.6175,0,0,0.2257,0,1]},
{"frame":23,"values":[0.9032,-0.191,0.3843,0,0.4167,0.6047,-0.6788,0,-0.1028,0.7732,0.6258,0,0,0.2257,0,1]},
{"frame":24,"values":[0.9259,-0.1768,0.3339,0,0.3686,0.6166,-0.6956,0,-0.0829,0.7671,0.6361,0,0,0.2257,0,1]},
{"frame":25,"values":[0.9493,-0.1585,0.2715,0,0.3089,0.6299,-0.7126,0,-0.0581,0.7603,0.6469,0,0,0.2257,0,1]},
{"frame":26,"values":[0.9698,-0.137,0.2019,0,0.2421,0.6428,-0.7268,0,-0.0302,0.7537,0.6565,0,0,0.2257,0,1]},
{"frame":27,"values":[0.9848,-0.114,0.1309,0,0.1735,0.6538,-0.7365,0,-0.0016,0.7481,0.6636,0,0,0.2257,0,1]},
{"frame":28,"values":[0.9938,-0.0912,0.064,0,0.1085,0.662,-0.7416,0,0.0253,0.7439,0.6678,0,0,0.2257,0,1]},
{"frame":29,"values":[0.9975,-0.0702,0.0049,0,0.0506,0.6674,-0.743,0,0.0489,0.7414,0.6693,0,0,0.2257,0,1]},
{"frame":30,"values":[0.9977,-0.0519,-0.0444,0,0.0018,0.6702,-0.7422,0,0.0683,0.7404,0.6687,0,0,0.2257,0,1]},
{"frame":31,"values":[0.9955,-0.035,-0.0879,0,-0.0417,0.6716,-0.7397,0,0.085,0.74,0.6672,0,0,0.2257,0,1]},
{"frame":32,"values":[0.9914,-0.0181,-0.13,0,-0.0841,0.6727,-0.7351,0,0.1007,0.7397,0.6653,0,0,0.2257,0,1]},
{"frame":33,"values":[0.9854,-0.001,-0.1703,0,-0.1253,0.6733,-0.7287,0,0.1154,0.7394,0.6634,0,0,0.2257,0,1]},
{"frame":34,"values":[0.9778,0.016,-0.2089,0,-0.1649,0.6736,-0.7205,0,0.1291,0.7389,0.6613,0,0,0.2257,0,1]},
{"frame":35,"values":[0.9688,0.033,-0.2457,0,-0.2032,0.6734,-0.7108,0,0.142,0.7385,0.6591,0,0,0.2257,0,1]},
{"frame":36,"values":[0.9584,0.0498,-0.2809,0,-0.24,0.6728,-0.6998,0,0.1542,0.7381,0.6568,0,0,0.2257,0,1]},
{"frame":37,"values":[0.9468,0.0662,-0.315,0,-0.2757,0.6716,-0.6877,0,0.166,0.7379,0.6541,0,0,0.2257,0,1]},
{"frame":38,"values":[0.9338,0.0823,-0.3481,0,-0.3105,0.6698,-0.6745,0,0.1776,0.738,0.651,0,0,0.2257,0,1]},
{"frame":39,"values":[0.9195,0.098,-0.3806,0,-0.3444,0.6673,-0.6604,0,0.1892,0.7384,0.6473,0,0,0.2257,0,1]},
{"frame":40,"values":[0.9039,0.1133,-0.4125,0,-0.3777,0.664,-0.6453,0,0.2008,0.7391,0.643,0,0,0.2257,0,1]},
{"frame":41,"values":[0.8856,0.1292,-0.4461,0,-0.4126,0.6599,-0.628,0,0.2132,0.7402,0.6377,0,0,0.2257,0,1]},
{"frame":42,"values":[0.8634,0.1468,-0.4826,0,-0.4506,0.6545,-0.6071,0,0.2268,0.7417,0.6313,0,0,0.2257,0,1]},
{"frame":43,"values":[0.8375,0.1654,-0.5208,0,-0.4904,0.6479,-0.5829,0,0.241,0.7436,0.6237,0,0,0.2257,0,1]},
{"frame":44,"values":[0.8087,0.1841,-0.5586,0,-0.5299,0.6402,-0.5562,0,0.2552,0.7458,0.6153,0,0,0.2257,0,1]},
{"frame":45,"values":[0.779,0.2018,-0.5936,0,-0.5666,0.6319,-0.5288,0,0.2684,0.7483,0.6066,0,0,0.2257,0,1]},
{"frame":46,"values":[0.751,0.2171,-0.6236,0,-0.5981,0.6239,-0.503,0,0.2798,0.7508,0.5984,0,0,0.2257,0,1]},
{"frame":47,"values":[0.7271,0.2293,-0.6471,0,-0.6228,0.6169,-0.4813,0,0.2888,0.7529,0.5914,0,0,0.2257,0,1]},
{"frame":48,"values":[0.7095,0.2379,-0.6634,0,-0.64,0.6116,-0.4651,0,0.2951,0.7546,0.5861,0,0,0.2257,0,1]},
{"frame":49,"values":[0.6989,0.2428,-0.6727,0,-0.6499,0.6084,-0.4555,0,0.2987,0.7555,0.583,0,0,0.2257,0,1]},
{"frame":50,"values":[0.6955,0.2444,-0.6757,0,-0.653,0.6074,-0.4524,0,0.2999,0.7559,0.582,0,0,0.2257,0,1]},
{"frame":51,"values":[0.7137,0.2358,-0.6596,0,-0.6359,0.613,-0.4689,0,0.2938,0.7541,0.5874,0,0,0.2257,0,1]},
{"frame":52,"values":[0.7662,0.2086,-0.6077,0,-0.581,0.6289,-0.5167,0,0.2744,0.749,0.6031,0,0,0.2257,0,1]},
{"frame":53,"values":[0.8433,0.1606,-0.5128,0,-0.4811,0.6507,-0.5875,0,0.2393,0.7422,0.626,0,0,0.2257,0,1]},
{"frame":54,"values":[0.9239,0.0921,-0.3713,0,-0.3332,0.6703,-0.6631,0,0.1878,0.7364,0.65,0,0,0.2257,0,1]},
{"frame":55,"values":[0.981,0.01,-0.1936,0,-0.1489,0.6783,-0.7195,0,0.1242,0.7347,0.6669,0,0,0.2257,0,1]},
{"frame":56,"values":[0.9974,-0.0721,-0.0077,0,0.0428,0.6705,-0.7407,0,0.0585,0.7384,0.6718,0,0,0.2257,0,1]},
{"frame":57,"values":[0.978,-0.1405,0.1541,0,0.2085,0.651,-0.7299,0,0.0022,0.7459,0.666,0,0,0.2257,0,1]},
{"frame":58,"values":[0.9438,-0.1884,0.2716,0,0.3283,0.6293,-0.7044,0,-0.0382,0.754,0.6558,0,0,0.2257,0,1]},
{"frame":59,"values":[0.9155,-0.2155,0.3398,0,0.3977,0.6135,-0.6822,0,-0.0615,0.7597,0.6474,0,0,0.2257,0,1]},
{"frame":60,"values":[0.905,-0.224,0.3617,0,0.4199,0.6079,-0.6739,0,-0.0689,0.7617,0.6442,0,0,0.2257,0,1]},
{"frame":130,"values":[0.905,-0.224,0.3617,0,0.4199,0.6079,-0.6739,0,-0.0689,0.7617,0.6442,0,0,0.2257,0,1]}],"loopBehavior":1,"name":"anim","property":"_matrix"}},
{"name":"LowerArm-L","index":4,"matrix":[0.995,-0.1001,0.0064,0,0.0999,0.9826,-0.1564,0,0.0093,0.1562,0.9877,0,0,0.2381,0,1],"rest":[0.9949,-0.1003,-0.0052,0,0.1002,0.987,0.1256,0,-0.0075,-0.1255,0.9921,0,0,0.2381,0,1],"parentBoneIndex":3,"length":0.1892
,"animation":{"dataType":3,"framePerSecond":24,"keys":[
{"frame":0,"values":[0.995,-0.1001,0.0064,0,0.0999,0.9826,-0.1564,0,0.0093,0.1562,0.9877,0,0,0.2381,0,1]},
{"frame":1,"values":[0.995,-0.1001,0.0064,0,0.0999,0.9826,-0.1564,0,0.0093,0.1562,0.9877,0,0,0.2381,0,1]},
{"frame":11,"values":[0.995,-0.1001,0.0064,0,0.0999,0.9826,-0.1564,0,0.0093,0.1562,0.9877,0,0,0.2381,0,1]},
{"frame":130,"values":[0.995,-0.1001,0.0064,0,0.0999,0.9826,-0.1564,0,0.0093,0.1562,0.9877,0,0,0.2381,0,1]}],"loopBehavior":1,"name":"anim","property":"_matrix"}},
{"name":"Hand-L","index":5,"matrix":[0.9992,0.041,0,0,-0.041,0.9979,0.0505,0,0.0021,-0.0505,0.9987,0,0,0.1892,0,1],"rest":[0.9992,0.041,0,0,-0.041,0.9979,0.0505,0,0.0021,-0.0505,0.9987,0,0,0.1892,0,1],"parentBoneIndex":4,"length":0.1427
,"animation":{"dataType":3,"framePerSecond":24,"keys":[
{"frame":0,"values":[0.9992,0.041,0,0,-0.041,0.9979,0.0505,0,0.0021,-0.0505,0.9987,0,0,0.1892,0,1]},
{"frame":1,"values":[0.9992,0.041,0,0,-0.041,0.9979,0.0505,0,0.0021,-0.0505,0.9987,0,0,0.1892,0,1]},
{"frame":11,"values":[0.9992,0.041,0,0,-0.041,0.9979,0.0505,0,0.0021,-0.0505,0.9987,0,0,0.1892,0,1]},
{"frame":130,"values":[0.9992,0.041,0,0,-0.041,0.9979,0.0505,0,0.0021,-0.0505,0.9987,0,0,0.1892,0,1]}],"loopBehavior":1,"name":"anim","property":"_matrix"}},
{"name":"Neck","index":6,"matrix":[1,0,0,0,0,1,0,0,0,0,1,0,0,0.4437,0,1],"rest":[1,0,0,0,0,1,0,0,0,0,1,0,0,0.4437,0,1],"parentBoneIndex":1,"length":0.1212
,"animation":{"dataType":3,"framePerSecond":24,"keys":[
{"frame":0,"values":[1,0,0,0,0,1,0,0,0,0,1,0,0,0.4437,0,1]},
{"frame":1,"values":[1,0,0,0,0,1,0,0,0,0,1,0,0,0.4437,0,1]},
{"frame":11,"values":[1,0,0,0,0,1,0,0,0,0,1,0,0,0.4437,0,1]},
{"frame":130,"values":[1,0,0,0,0,1,0,0,0,0,1,0,0,0.4437,0,1]}],"loopBehavior":1,"name":"anim","property":"_matrix"}},
{"name":"Head","index":7,"matrix":[1,0,0,0,0,1,0,0,0,0,1,0,0,0.1212,0,1],"rest":[1,0,0,0,0,1,0,0,0,0,1,0,0,0.1212,0,1],"parentBoneIndex":6,"length":0.2945
,"animation":{"dataType":3,"framePerSecond":24,"keys":[
{"frame":0,"values":[1,0,0,0,0,1,0,0,0,0,1,0,0,0.1212,0,1]},
{"frame":1,"values":[1,0,0,0,0,1,0,0,0,0,1,0,0,0.1212,0,1]},
{"frame":11,"values":[1,0,0,0,0,1,0,0,0,0,1,0,0,0.1212,0,1]},
{"frame":130,"values":[1,0,0,0,0,1,0,0,0,0,1,0,0,0.1212,0,1]}],"loopBehavior":1,"name":"anim","property":"_matrix"}},
{"name":"Shoulder-R","index":8,"matrix":[0.0846,-0.4142,0.9062,0,-0.917,-0.3883,-0.0919,0,0.3899,-0.8232,-0.4127,0,0,0.4437,0,1],"rest":[0.0846,-0.4142,0.9062,0,-0.917,-0.3883,-0.0919,0,0.3899,-0.8232,-0.4127,0,0,0.4437,0,1],"parentBoneIndex":1,"length":0.2257
,"animation":{"dataType":3,"framePerSecond":24,"keys":[
{"frame":0,"values":[0.0846,-0.4142,0.9062,0,-0.917,-0.3883,-0.0919,0,0.3899,-0.8232,-0.4127,0,0,0.4437,0,1]},
{"frame":1,"values":[0.0846,-0.4142,0.9062,0,-0.917,-0.3883,-0.0919,0,0.3899,-0.8232,-0.4127,0,0,0.4437,0,1]},
{"frame":11,"values":[0.0846,-0.4142,0.9062,0,-0.917,-0.3883,-0.0919,0,0.3899,-0.8232,-0.4127,0,0,0.4437,0,1]},
{"frame":130,"values":[0.0846,-0.4142,0.9062,0,-0.917,-0.3883,-0.0919,0,0.3899,-0.8232,-0.4127,0,0,0.4437,0,1]}],"loopBehavior":1,"name":"anim","property":"_matrix"}},
{"name":"UpperArm-R","index":9,"matrix":[0.9646,-0.2516,0.0792,0,0.1124,0.6637,0.7396,0,-0.2386,-0.7045,0.6684,0,0,0.2257,0,1],"rest":[0.9988,0.0099,-0.0469,0,-0.0149,0.9939,-0.1093,0,0.0456,0.1099,0.9929,0,0,0.2257,0,1],"parentBoneIndex":8,"length":0.2381
,"animation":{"dataType":3,"framePerSecond":24,"keys":[
{"frame":0,"values":[0.9646,-0.2516,0.0792,0,0.1124,0.6637,0.7396,0,-0.2386,-0.7045,0.6684,0,0,0.2257,0,1]},
{"frame":1,"values":[0.9646,-0.2516,0.0792,0,0.1124,0.6637,0.7396,0,-0.2386,-0.7045,0.6684,0,0,0.2257,0,1]},
{"frame":11,"values":[0.9646,-0.2516,0.0792,0,0.1124,0.6637,0.7396,0,-0.2386,-0.7045,0.6684,0,0,0.2257,0,1]},
{"frame":12,"values":[0.9646,-0.2511,0.0805,0,0.1111,0.6637,0.7397,0,-0.2392,-0.7046,0.6681,0,0,0.2257,0,1]},
{"frame":13,"values":[0.9646,-0.2497,0.0842,0,0.1072,0.6639,0.7401,0,-0.2407,-0.7049,0.6672,0,0,0.2257,0,1]},
{"frame":14,"values":[0.9647,-0.2475,0.0903,0,0.1011,0.6642,0.7407,0,-0.2433,-0.7054,0.6657,0,0,0.2257,0,1]},
{"frame":15,"values":[0.9647,-0.2446,0.098,0,0.0932,0.6645,0.7414,0,-0.2465,-0.7061,0.6638,0,0,0.2257,0,1]},
{"frame":16,"values":[0.9646,-0.2415,0.1063,0,0.0847,0.6649,0.7421,0,-0.2499,-0.7068,0.6618,0,0,0.2257,0,1]},
{"frame":17,"values":[0.9644,-0.2387,0.114,0,0.0768,0.6652,0.7427,0,-0.2531,-0.7075,0.6598,0,0,0.2257,0,1]},
{"frame":18,"values":[0.9642,-0.2364,0.1201,0,0.0706,0.6654,0.7431,0,-0.2556,-0.7081,0.6583,0,0,0.2257,0,1]},
{"frame":19,"values":[0.9641,-0.235,0.1238,0,0.0668,0.6655,0.7434,0,-0.2571,-0.7084,0.6573,0,0,0.2257,0,1]},
{"frame":20,"values":[0.964,-0.2346,0.1251,0,0.0655,0.6656,0.7435,0,-0.2576,-0.7085,0.657,0,0,0.2257,0,1]},
{"frame":21,"values":[0.9641,-0.2354,0.1227,0,0.0679,0.6655,0.7433,0,-0.2567,-0.7083,0.6576,0,0,0.2257,0,1]},
{"frame":22,"values":[0.9644,-0.2382,0.1152,0,0.0756,0.6652,0.7428,0,-0.2535,-0.7076,0.6595,0,0,0.2257,0,1]},
{"frame":23,"values":[0.9646,-0.2431,0.1018,0,0.0893,0.6649,0.7416,0,-0.248,-0.7063,0.6631,0,0,0.2257,0,1]},
{"frame":24,"values":[0.9646,-0.2505,0.0825,0,0.1093,0.6644,0.7393,0,-0.24,-0.7041,0.6683,0,0,0.2257,0,1]},
{"frame":25,"values":[0.9638,-0.2603,0.0574,0,0.1355,0.6639,0.7355,0,-0.2296,-0.7011,0.6751,0,0,0.2257,0,1]},
{"frame":26,"values":[0.9618,-0.2723,0.0278,0,0.1667,0.6632,0.7297,0,-0.2171,-0.6972,0.6832,0,0,0.2257,0,1]},
{"frame":27,"values":[0.9582,-0.2862,-0.005,0,0.2016,0.6623,0.7216,0,-0.2032,-0.6924,0.6923,0,0,0.2257,0,1]},
{"frame":28,"values":[0.9527,-0.3013,-0.0393,0,0.2384,0.6613,0.7112,0,-0.1883,-0.6869,0.7019,0,0,0.2257,0,1]},
{"frame":29,"values":[0.9455,-0.3171,-0.0736,0,0.2758,0.6601,0.6987,0,-0.173,-0.6809,0.7116,0,0,0.2257,0,1]},
{"frame":30,"values":[0.9367,-0.3333,-0.107,0,0.3125,0.6587,0.6844,0,-0.1577,-0.6746,0.7212,0,0,0.2257,0,1]},
{"frame":31,"values":[0.9256,-0.3511,-0.1416,0,0.3512,0.6565,0.6676,0,-0.1414,-0.6676,0.7309,0,0,0.2257,0,1]},
{"frame":32,"values":[0.9107,-0.3718,-0.18,0,0.3944,0.6528,0.6468,0,-0.123,-0.66,0.7411,0,0,0.2257,0,1]},
{"frame":33,"values":[0.8914,-0.3953,-0.2217,0,0.4416,0.6472,0.6215,0,-0.1022,-0.6518,0.7514,0,0,0.2257,0,1]},
{"frame":34,"values":[0.8674,-0.421,-0.2654,0,0.4913,0.6393,0.5915,0,-0.0793,-0.6435,0.7614,0,0,0.2257,0,1]},
{"frame":35,"values":[0.8389,-0.4477,-0.3095,0,0.5415,0.6293,0.5575,0,-0.0548,-0.6353,0.7703,0,0,0.2257,0,1]},
{"frame":36,"values":[0.807,-0.4741,-0.3521,0,0.5898,0.6174,0.5205,0,-0.0294,-0.6278,0.7779,0,0,0.2257,0,1]},
{"frame":37,"values":[0.7732,-0.4989,-0.3915,0,0.6342,0.6043,0.4823,0,-0.0041,-0.6212,0.7836,0,0,0.2257,0,1]},
{"frame":38,"values":[0.7391,-0.5212,-0.4266,0,0.6733,0.5908,0.4446,0,0.0203,-0.6159,0.7876,0,0,0.2257,0,1]},
{"frame":39,"values":[0.7063,-0.5406,-0.4571,0,0.7066,0.5776,0.4087,0,0.0431,-0.6117,0.7899,0,0,0.2257,0,1]},
{"frame":40,"values":[0.6756,-0.5569,-0.4832,0,0.7345,0.5653,0.3754,0,0.064,-0.6085,0.7909,0,0,0.2257,0,1]},
{"frame":41,"values":[0.6447,-0.5717,-0.5074,0,0.7597,0.5529,0.3423,0,0.0849,-0.6061,0.7908,0,0,0.2257,0,1]},
{"frame":42,"values":[0.6114,-0.5862,-0.5316,0,0.7841,0.5396,0.3067,0,0.1071,-0.6043,0.7895,0,0,0.2257,0,1]},
{"frame":43,"values":[0.5763,-0.5999,-0.555,0,0.8068,0.5257,0.2696,0,0.13,-0.6032,0.7869,0,0,0.2257,0,1]},
{"frame":44,"values":[0.541,-0.6123,-0.5766,0,0.8271,0.5117,0.2325,0,0.1527,-0.6027,0.7832,0,0,0.2257,0,1]},
{"frame":45,"values":[0.5074,-0.6229,-0.5954,0,0.844,0.4986,0.1976,0,0.1738,-0.6028,0.7787,0,0,0.2257,0,1]},
{"frame":46,"values":[0.4778,-0.6314,-0.6107,0,0.8572,0.4871,0.1671,0,0.192,-0.6034,0.774,0,0,0.2257,0,1]},
{"frame":47,"values":[0.4541,-0.6377,-0.6222,0,0.8667,0.4779,0.1427,0,0.2063,-0.6041,0.7698,0,0,0.2257,0,1]},
{"frame":48,"values":[0.4372,-0.6419,-0.6299,0,0.8729,0.4715,0.1255,0,0.2164,-0.6047,0.7665,0,0,0.2257,0,1]},
{"frame":49,"values":[0.4275,-0.6442,-0.6343,0,0.8763,0.4678,0.1155,0,0.2223,-0.6052,0.7644,0,0,0.2257,0,1]},
{"frame":50,"values":[0.4244,-0.6449,-0.6356,0,0.8773,0.4666,0.1124,0,0.2241,-0.6053,0.7638,0,0,0.2257,0,1]},
{"frame":51,"values":[0.444,-0.6391,-0.6281,0,0.8702,0.4748,0.132,0,0.2138,-0.6051,0.7669,0,0,0.2257,0,1]},
{"frame":52,"values":[0.5022,-0.6204,-0.6025,0,0.8454,0.4989,0.1909,0,0.1821,-0.6052,0.775,0,0,0.2257,0,1]},
{"frame":53,"values":[0.5936,-0.586,-0.5516,0,0.7944,0.5362,0.2852,0,0.1286,-0.6075,0.7838,0,0,0.2257,0,1]},
{"frame":54,"values":[0.7035,-0.5346,-0.4683,0,0.7084,0.5798,0.4024,0,0.0564,-0.6148,0.7866,0,0,0.2257,0,1]},
{"frame":55,"values":[0.8093,-0.4691,-0.3535,0,0.5868,0.6198,0.521,0,-0.0253,-0.6291,0.7769,0,0,0.2257,0,1]},
{"frame":56,"values":[0.8896,-0.3991,-0.222,0,0.4449,0.6477,0.6185,0,-0.103,-0.649,0.7538,0,0,0.2257,0,1]},
{"frame":57,"values":[0.9367,-0.3362,-0.0975,0,0.3085,0.6614,0.6837,0,-0.1654,-0.6705,0.7233,0,0,0.2257,0,1]},
{"frame":58,"values":[0.9573,-0.289,-0.0002,0,0.2008,0.6649,0.7194,0,-0.2077,-0.6887,0.6946,0,0,0.2257,0,1]},
{"frame":59,"values":[0.9636,-0.2608,0.0595,0,0.1344,0.6643,0.7353,0,-0.2313,-0.7005,0.6752,0,0,0.2257,0,1]},
{"frame":60,"values":[0.9646,-0.2516,0.0792,0,0.1124,0.6637,0.7396,0,-0.2386,-0.7045,0.6684,0,0,0.2257,0,1]},
{"frame":130,"values":[0.9646,-0.2516,0.0792,0,0.1124,0.6637,0.7396,0,-0.2386,-0.7045,0.6684,0,0,0.2257,0,1]}],"loopBehavior":1,"name":"anim","property":"_matrix"}},
{"name":"LowerArm-R","index":10,"matrix":[0.6481,-0.0461,-0.7602,0,0.1289,0.9904,0.0498,0,0.7506,-0.1303,0.6478,0,0,0.2381,0,1],"rest":[0.6461,-0.1465,-0.749,0,0.0451,0.987,-0.1542,0,0.7619,0.0659,0.6443,0,0,0.2381,0,1],"parentBoneIndex":9,"length":0.1892
,"animation":{"dataType":3,"framePerSecond":24,"keys":[
{"frame":0,"values":[0.6481,-0.0461,-0.7602,0,0.1289,0.9904,0.0498,0,0.7506,-0.1303,0.6478,0,0,0.2381,0,1]},
{"frame":1,"values":[0.6481,-0.0461,-0.7602,0,0.1289,0.9904,0.0498,0,0.7506,-0.1303,0.6478,0,0,0.2381,0,1]},
{"frame":11,"values":[0.6481,-0.0461,-0.7602,0,0.1289,0.9904,0.0498,0,0.7506,-0.1303,0.6478,0,0,0.2381,0,1]},
{"frame":130,"values":[0.6481,-0.0461,-0.7602,0,0.1289,0.9904,0.0498,0,0.7506,-0.1303,0.6478,0,0,0.2381,0,1]}],"loopBehavior":1,"name":"anim","property":"_matrix"}},
{"name":"Hand-R","index":11,"matrix":[0.8891,0.041,0.4559,0,-0.0134,0.9979,-0.0636,0,-0.4575,0.0505,0.8878,0,0,0.1892,0,1],"rest":[0.8891,0.041,0.4559,0,-0.0134,0.9979,-0.0636,0,-0.4575,0.0505,0.8878,0,0,0.1892,0,1],"parentBoneIndex":10,"length":0.1427
,"animation":{"dataType":3,"framePerSecond":24,"keys":[
{"frame":0,"values":[0.8891,0.041,0.4559,0,-0.0134,0.9979,-0.0636,0,-0.4575,0.0505,0.8878,0,0,0.1892,0,1]},
{"frame":1,"values":[0.8891,0.041,0.4559,0,-0.0134,0.9979,-0.0636,0,-0.4575,0.0505,0.8878,0,0,0.1892,0,1]},
{"frame":11,"values":[0.8891,0.041,0.4559,0,-0.0134,0.9979,-0.0636,0,-0.4575,0.0505,0.8878,0,0,0.1892,0,1]},
{"frame":130,"values":[0.8891,0.041,0.4559,0,-0.0134,0.9979,-0.0636,0,-0.4575,0.0505,0.8878,0,0,0.1892,0,1]}],"loopBehavior":1,"name":"anim","property":"_matrix"}},
{"name":"Hip-L","index":12,"matrix":[0,1,0,0,0.9986,0,0.0533,0,0.0533,0,-0.9986,0,0,0.3624,0,1],"rest":[0,1,0,0,0.9986,0,0.0533,0,0.0533,0,-0.9986,0,0,0.3624,0,1],"parentBoneIndex":0,"length":0.1335
,"animation":{"dataType":3,"framePerSecond":24,"keys":[
{"frame":0,"values":[0,1,0,0,0.9986,0,0.0533,0,0.0533,0,-0.9986,0,0,0.3624,0,1]},
{"frame":1,"values":[0,1,0,0,0.9986,0,0.0533,0,0.0533,0,-0.9986,0,0,0.3624,0,1]},
{"frame":11,"values":[0,1,0,0,0.9986,0,0.0533,0,0.0533,0,-0.9986,0,0,0.3624,0,1]},
{"frame":130,"values":[0,1,0,0,0.9986,0,0.0533,0,0.0533,0,-0.9986,0,0,0.3624,0,1]}],"loopBehavior":1,"name":"anim","property":"_matrix"}},
{"name":"UpperLeg-L","index":13,"matrix":[0.977,0.0114,-0.2129,0,-0.2103,0.2139,-0.9539,0,0.0347,0.9768,0.2114,0,0,0.1335,0,1],"rest":[1,0,0,0,0,0.2152,-0.9766,0,0,0.9766,0.2152,0,0,0.1335,0,1],"parentBoneIndex":12,"length":0.2624
,"animation":{"dataType":3,"framePerSecond":24,"keys":[
{"frame":0,"values":[0.977,0.0114,-0.2129,0,-0.2103,0.2139,-0.9539,0,0.0347,0.9768,0.2114,0,0,0.1335,0,1]},
{"frame":1,"values":[0.977,0.0114,-0.2129,0,-0.2103,0.2139,-0.9539,0,0.0347,0.9768,0.2114,0,0,0.1335,0,1]},
{"frame":11,"values":[0.977,0.0114,-0.2129,0,-0.2103,0.2139,-0.9539,0,0.0347,0.9768,0.2114,0,0,0.1335,0,1]},
{"frame":12,"values":[0.9752,0.0118,-0.2212,0,-0.2186,0.2139,-0.9521,0,0.0361,0.9768,0.2111,0,0,0.1335,0,1]},
{"frame":13,"values":[0.9691,0.0131,-0.2462,0,-0.2433,0.2135,-0.9462,0,0.0401,0.9768,0.2101,0,0,0.1335,0,1]},
{"frame":14,"values":[0.9581,0.0153,-0.2862,0,-0.2827,0.213,-0.9353,0,0.0467,0.9769,0.2083,0,0,0.1335,0,1]},
{"frame":15,"values":[0.9416,0.018,-0.3363,0,-0.3323,0.2121,-0.919,0,0.0548,0.9771,0.2057,0,0,0.1335,0,1]},
{"frame":16,"values":[0.9209,0.0208,-0.3894,0,-0.3847,0.211,-0.8986,0,0.0635,0.9773,0.2023,0,0,0.1335,0,1]},
{"frame":17,"values":[0.899,0.0233,-0.4374,0,-0.4322,0.2098,-0.877,0,0.0713,0.9775,0.1987,0,0,0.1335,0,1]},
{"frame":18,"values":[0.88,0.0253,-0.4742,0,-0.4686,0.2088,-0.8584,0,0.0773,0.9776,0.1957,0,0,0.1335,0,1]},
{"frame":19,"values":[0.8675,0.0265,-0.4967,0,-0.4908,0.2082,-0.846,0,0.081,0.9777,0.1936,0,0,0.1335,0,1]},
{"frame":20,"values":[0.8632,0.0269,-0.5041,0,-0.4981,0.208,-0.8418,0,0.0822,0.9778,0.1929,0,0,0.1335,0,1]},
{"frame":21,"values":[0.8643,0.0268,-0.5022,0,-0.4962,0.208,-0.8429,0,0.0819,0.9778,0.1931,0,0,0.1335,0,1]},
{"frame":22,"values":[0.8681,0.0265,-0.4958,0,-0.4898,0.2082,-0.8466,0,0.0808,0.9777,0.1937,0,0,0.1335,0,1]},
{"frame":23,"values":[0.8748,0.0258,-0.4837,0,-0.478,0.2086,-0.8533,0,0.0789,0.9777,0.1948,0,0,0.1335,0,1]},
{"frame":24,"values":[0.8849,0.0248,-0.4651,0,-0.4596,0.2091,-0.8632,0,0.0758,0.9776,0.1964,0,0,0.1335,0,1]},
{"frame":25,"values":[0.8981,0.0234,-0.4392,0,-0.4339,0.2098,-0.8762,0,0.0716,0.9775,0.1986,0,0,0.1335,0,1]},
{"frame":26,"values":[0.9137,0.0217,-0.4058,0,-0.4009,0.2106,-0.8916,0,0.0662,0.9773,0.2011,0,0,0.1335,0,1]},
{"frame":27,"values":[0.9306,0.0195,-0.3654,0,-0.3611,0.2115,-0.9082,0,0.0596,0.9772,0.2039,0,0,0.1335,0,1]},
{"frame":28,"values":[0.9476,0.017,-0.3191,0,-0.3153,0.2124,-0.9249,0,0.052,0.977,0.2066,0,0,0.1335,0,1]},
{"frame":29,"values":[0.9634,0.0143,-0.2678,0,-0.2646,0.2132,-0.9405,0,0.0437,0.9769,0.2092,0,0,0.1335,0,1]},
{"frame":30,"values":[0.977,0.0114,-0.2129,0,-0.2103,0.2139,-0.9539,0,0.0347,0.9768,0.2114,0,0,0.1335,0,1]},
{"frame":31,"values":[0.9887,0.008,-0.1497,0,-0.1479,0.2146,-0.9654,0,0.0244,0.9767,0.2133,0,0,0.1335,0,1]},
{"frame":32,"values":[0.9973,0.0039,-0.073,0,-0.0721,0.215,-0.9739,0,0.0119,0.9766,0.2147,0,0,0.1335,0,1]},
{"frame":33,"values":[0.9999,-0.0009,0.0167,0,0.0165,0.2151,-0.9764,0,-0.0027,0.9766,0.2151,0,0,0.1335,0,1]},
{"frame":34,"values":[0.9932,-0.0062,0.1163,0,0.1149,0.2148,-0.9699,0,-0.019,0.9766,0.2141,0,0,0.1335,0,1]},
{"frame":35,"values":[0.9754,-0.0118,0.2202,0,0.2176,0.2139,-0.9523,0,-0.0359,0.9768,0.2112,0,0,0.1335,0,1]},
{"frame":36,"values":[0.9467,-0.0172,0.3215,0,0.3177,0.2124,-0.9241,0,-0.0524,0.977,0.2065,0,0,0.1335,0,1]},
{"frame":37,"values":[0.9101,-0.0221,0.4137,0,0.4088,0.2104,-0.888,0,-0.0674,0.9774,0.2005,0,0,0.1335,0,1]},
{"frame":38,"values":[0.8699,-0.0263,0.4926,0,0.4867,0.2083,-0.8484,0,-0.0803,0.9777,0.194,0,0,0.1335,0,1]},
{"frame":39,"values":[0.8301,-0.0297,0.5569,0,0.5502,0.2062,-0.8091,0,-0.0908,0.9781,0.1875,0,0,0.1335,0,1]},
{"frame":40,"values":[0.7938,-0.0324,0.6073,0,0.6,0.2043,-0.7735,0,-0.099,0.9784,0.1816,0,0,0.1335,0,1]},
{"frame":41,"values":[0.7602,-0.0346,0.6488,0,0.641,0.2025,-0.7403,0,-0.1058,0.9787,0.1762,0,0,0.1335,0,1]},
{"frame":42,"values":[0.7274,-0.0366,0.6853,0,0.6771,0.2008,-0.708,0,-0.1117,0.9789,0.1708,0,0,0.1335,0,1]},
{"frame":43,"values":[0.6967,-0.0382,0.7163,0,0.7078,0.1992,-0.6778,0,-0.1168,0.9792,0.1659,0,0,0.1335,0,1]},
{"frame":44,"values":[0.6695,-0.0396,0.7417,0,0.7329,0.1978,-0.651,0,-0.1209,0.9794,0.1614,0,0,0.1335,0,1]},
{"frame":45,"values":[0.6469,-0.0406,0.7615,0,0.7524,0.1966,-0.6287,0,-0.1241,0.9796,0.1578,0,0,0.1335,0,1]},
{"frame":46,"values":[0.6295,-0.0414,0.7759,0,0.7667,0.1957,-0.6115,0,-0.1265,0.9798,0.1549,0,0,0.1335,0,1]},
{"frame":47,"values":[0.6172,-0.0419,0.7857,0,0.7763,0.195,-0.5994,0,-0.1281,0.9799,0.1529,0,0,0.1335,0,1]},
{"frame":48,"values":[0.6096,-0.0423,0.7916,0,0.7822,0.1946,-0.5919,0,-0.1291,0.98,0.1517,0,0,0.1335,0,1]},
{"frame":49,"values":[0.6056,-0.0424,0.7946,0,0.7851,0.1944,-0.588,0,-0.1295,0.98,0.151,0,0,0.1335,0,1]},
{"frame":50,"values":[0.6045,-0.0425,0.7955,0,0.786,0.1944,-0.5869,0,-0.1297,0.98,0.1509,0,0,0.1335,0,1]},
{"frame":51,"values":[0.6234,-0.0417,0.7808,0,0.7715,0.1954,-0.6055,0,-0.1273,0.9798,0.1539,0,0,0.1335,0,1]},
{"frame":52,"values":[0.6788,-0.0391,0.7333,0,0.7246,0.1983,-0.6601,0,-0.1196,0.9794,0.1629,0,0,0.1335,0,1]},
{"frame":53,"values":[0.7627,-0.0345,0.6458,0,0.6381,0.2027,-0.7428,0,-0.1053,0.9786,0.1766,0,0,0.1335,0,1]},
{"frame":54,"values":[0.8574,-0.0274,0.5139,0,0.5078,0.2077,-0.8361,0,-0.0838,0.9778,0.192,0,0,0.1335,0,1]},
{"frame":55,"values":[0.9382,-0.0184,0.3456,0,0.3415,0.2119,-0.9157,0,-0.0563,0.9771,0.2051,0,0,0.1335,0,1]},
{"frame":56,"values":[0.9862,-0.0088,0.1652,0,0.1632,0.2144,-0.963,0,-0.0269,0.9767,0.2129,0,0,0.1335,0,1]},
{"frame":57,"values":[1,-0.0002,0.0035,0,0.0035,0.2152,-0.9766,0,-0.0006,0.9766,0.2152,0,0,0.1335,0,1]},
{"frame":58,"values":[0.9931,0.0063,-0.1174,0,-0.116,0.2148,-0.9697,0,0.0191,0.9766,0.214,0,0,0.1335,0,1]},
{"frame":59,"values":[0.9818,0.0101,-0.1894,0,-0.1872,0.2142,-0.9587,0,0.0309,0.9767,0.2122,0,0,0.1335,0,1]},
{"frame":60,"values":[0.977,0.0114,-0.2129,0,-0.2103,0.2139,-0.9539,0,0.0347,0.9768,0.2114,0,0,0.1335,0,1]},
{"frame":130,"values":[0.977,0.0114,-0.2129,0,-0.2103,0.2139,-0.9539,0,0.0347,0.9768,0.2114,0,0,0.1335,0,1]}],"loopBehavior":1,"name":"anim","property":"_matrix"}},
{"name":"LowerLeg-L","index":14,"matrix":[0.9551,0.2923,-0.0482,0,-0.2943,0.9548,-0.0413,0,0.034,0.0536,0.998,0,0,0.2624,0,1],"rest":[1,0,0,0,0,0.9988,-0.0485,0,0,0.0485,0.9988,0,0,0.2624,0,1],"parentBoneIndex":13,"length":0.2144
,"animation":{"dataType":3,"framePerSecond":24,"keys":[
{"frame":0,"values":[0.9551,0.2923,-0.0482,0,-0.2943,0.9548,-0.0413,0,0.034,0.0536,0.998,0,0,0.2624,0,1]},
{"frame":1,"values":[0.9551,0.2923,-0.0482,0,-0.2943,0.9548,-0.0413,0,0.034,0.0536,0.998,0,0,0.2624,0,1]},
{"frame":11,"values":[0.9551,0.2923,-0.0482,0,-0.2943,0.9548,-0.0413,0,0.034,0.0536,0.998,0,0,0.2624,0,1]},
{"frame":31,"values":[0.9556,0.2907,-0.048,0,-0.2927,0.9553,-0.0414,0,0.0338,0.0536,0.998,0,0,0.2624,0,1]},
{"frame":32,"values":[0.957,0.2862,-0.0472,0,-0.2881,0.9567,-0.0416,0,0.0333,0.0534,0.998,0,0,0.2624,0,1]},
{"frame":33,"values":[0.9593,0.2787,-0.046,0,-0.2806,0.9589,-0.0419,0,0.0324,0.0531,0.9981,0,0,0.2624,0,1]},
{"frame":34,"values":[0.9621,0.269,-0.0444,0,-0.2708,0.9617,-0.0424,0,0.0313,0.0528,0.9981,0,0,0.2624,0,1]},
{"frame":35,"values":[0.9652,0.2579,-0.0426,0,-0.2596,0.9648,-0.0429,0,0.03,0.0525,0.9982,0,0,0.2624,0,1]},
{"frame":36,"values":[0.9682,0.2468,-0.0407,0,-0.2484,0.9677,-0.0434,0,0.0287,0.0521,0.9982,0,0,0.2624,0,1]},
{"frame":37,"values":[0.9707,0.2369,-0.0391,0,-0.2385,0.9701,-0.0438,0,0.0275,0.0518,0.9983,0,0,0.2624,0,1]},
{"frame":38,"values":[0.9726,0.2294,-0.0378,0,-0.2309,0.972,-0.0441,0,0.0267,0.0516,0.9983,0,0,0.2624,0,1]},
{"frame":39,"values":[0.9737,0.2247,-0.0371,0,-0.2262,0.9731,-0.0443,0,0.0261,0.0515,0.9983,0,0,0.2624,0,1]},
{"frame":40,"values":[0.9741,0.2232,-0.0368,0,-0.2247,0.9734,-0.0443,0,0.0259,0.0515,0.9983,0,0,0.2624,0,1]},
{"frame":51,"values":[0.9737,0.2247,-0.0371,0,-0.2262,0.9731,-0.0443,0,0.0261,0.0515,0.9983,0,0,0.2624,0,1]},
{"frame":52,"values":[0.9726,0.2294,-0.0378,0,-0.2309,0.972,-0.0441,0,0.0267,0.0516,0.9983,0,0,0.2624,0,1]},
{"frame":53,"values":[0.9707,0.2369,-0.0391,0,-0.2385,0.9701,-0.0438,0,0.0275,0.0518,0.9983,0,0,0.2624,0,1]},
{"frame":54,"values":[0.9682,0.2468,-0.0407,0,-0.2484,0.9677,-0.0434,0,0.0287,0.0521,0.9982,0,0,0.2624,0,1]},
{"frame":55,"values":[0.9652,0.2579,-0.0426,0,-0.2596,0.9648,-0.0429,0,0.03,0.0525,0.9982,0,0,0.2624,0,1]},
{"frame":56,"values":[0.9621,0.269,-0.0444,0,-0.2708,0.9617,-0.0424,0,0.0313,0.0528,0.9981,0,0,0.2624,0,1]},
{"frame":57,"values":[0.9593,0.2787,-0.046,0,-0.2806,0.9589,-0.0419,0,0.0324,0.0531,0.9981,0,0,0.2624,0,1]},
{"frame":58,"values":[0.957,0.2862,-0.0472,0,-0.2881,0.9567,-0.0416,0,0.0333,0.0534,0.998,0,0,0.2624,0,1]},
{"frame":59,"values":[0.9556,0.2907,-0.048,0,-0.2927,0.9553,-0.0414,0,0.0338,0.0536,0.998,0,0,0.2624,0,1]},
{"frame":60,"values":[0.9551,0.2923,-0.0482,0,-0.2943,0.9548,-0.0413,0,0.034,0.0536,0.998,0,0,0.2624,0,1]},
{"frame":130,"values":[0.9551,0.2923,-0.0482,0,-0.2943,0.9548,-0.0413,0,0.034,0.0536,0.998,0,0,0.2624,0,1]}],"loopBehavior":1,"name":"anim","property":"_matrix"}},
{"name":"Foot-L","index":15,"matrix":[0,-0.1147,-0.9934,0,0.9729,-0.2299,0.0265,0,-0.2314,-0.9664,0.1116,0,0,0.2144,0,1],"rest":[0,-0.1147,-0.9934,0,1,0,0,0,0,-0.9934,0.1147,0,0,0.2144,0,1],"parentBoneIndex":14,"length":0.1231
,"animation":{"dataType":3,"framePerSecond":24,"keys":[
{"frame":0,"values":[0,-0.1147,-0.9934,0,0.9729,-0.2299,0.0265,0,-0.2314,-0.9664,0.1116,0,0,0.2144,0,1]},
{"frame":1,"values":[0,-0.1147,-0.9934,0,0.9729,-0.2299,0.0265,0,-0.2314,-0.9664,0.1116,0,0,0.2144,0,1]},
{"frame":11,"values":[0,-0.1147,-0.9934,0,0.9729,-0.2299,0.0265,0,-0.2314,-0.9664,0.1116,0,0,0.2144,0,1]},
{"frame":12,"values":[0,-0.1147,-0.9934,0,0.9757,-0.2176,0.0251,0,-0.2191,-0.9693,0.1119,0,0,0.2144,0,1]},
{"frame":13,"values":[0,-0.1147,-0.9934,0,0.9833,-0.1806,0.0209,0,-0.1818,-0.9768,0.1128,0,0,0.2144,0,1]},
{"frame":14,"values":[0,-0.1147,-0.9934,0,0.9926,-0.1203,0.0139,0,-0.1211,-0.9861,0.1139,0,0,0.2144,0,1]},
{"frame":15,"values":[0,-0.1147,-0.9934,0,0.9991,-0.0427,0.0049,0,-0.0429,-0.9925,0.1146,0,0,0.2144,0,1]},
{"frame":16,"values":[0,-0.1147,-0.9934,0,0.9991,0.0415,-0.0048,0,0.0418,-0.9925,0.1146,0,0,0.2144,0,1]},
{"frame":17,"values":[0,-0.1147,-0.9934,0,0.9928,0.1192,-0.0138,0,0.1199,-0.9862,0.1139,0,0,0.2144,0,1]},
{"frame":18,"values":[0,-0.1147,-0.9934,0,0.9835,0.1795,-0.0207,0,0.1806,-0.9771,0.1128,0,0,0.2144,0,1]},
{"frame":19,"values":[0,-0.1147,-0.9934,0,0.976,0.2165,-0.025,0,0.218,-0.9695,0.112,0,0,0.2144,0,1]},
{"frame":20,"values":[0,-0.1147,-0.9934,0,0.9731,0.2288,-0.0264,0,0.2303,-0.9667,0.1116,0,0,0.2144,0,1]},
{"frame":21,"values":[0,-0.1147,-0.9934,0,0.9754,0.2189,-0.0253,0,0.2203,-0.969,0.1119,0,0,0.2144,0,1]},
{"frame":22,"values":[0,-0.1147,-0.9934,0,0.9818,0.1888,-0.0218,0,0.1901,-0.9753,0.1126,0,0,0.2144,0,1]},
{"frame":23,"values":[0,-0.1147,-0.9934,0,0.9901,0.1394,-0.0161,0,0.1404,-0.9836,0.1136,0,0,0.2144,0,1]},
{"frame":24,"values":[0,-0.1147,-0.9934,0,0.9972,0.0741,-0.0086,0,0.0746,-0.9906,0.1144,0,0,0.2144,0,1]},
{"frame":25,"values":[0,-0.1147,-0.9934,0,1,-0.0006,0.0001,0,-0.0006,-0.9934,0.1147,0,0,0.2144,0,1]},
{"frame":26,"values":[0,-0.1147,-0.9934,0,0.9971,-0.0752,0.0087,0,-0.0757,-0.9905,0.1144,0,0,0.2144,0,1]},
{"frame":27,"values":[0,-0.1147,-0.9934,0,0.9899,-0.1406,0.0162,0,-0.1415,-0.9834,0.1136,0,0,0.2144,0,1]},
{"frame":28,"values":[0,-0.1147,-0.9934,0,0.9815,-0.19,0.0219,0,-0.1912,-0.9751,0.1126,0,0,0.2144,0,1]},
{"frame":29,"values":[0,-0.1147,-0.9934,0,0.9752,-0.22,0.0254,0,-0.2215,-0.9687,0.1119,0,0,0.2144,0,1]},
{"frame":30,"values":[0,-0.1147,-0.9934,0,0.9728,-0.2299,0.0266,0,-0.2314,-0.9664,0.1116,0,0,0.2144,0,1]},
{"frame":31,"values":[0,-0.1147,-0.9934,0,0.9745,-0.2229,0.0257,0,-0.2244,-0.9681,0.1118,0,0,0.2144,0,1]},
{"frame":32,"values":[0,-0.1147,-0.9934,0,0.9793,-0.201,0.0232,0,-0.2023,-0.9728,0.1123,0,0,0.2144,0,1]},
{"frame":33,"values":[0,-0.1147,-0.9934,0,0.9863,-0.1639,0.0189,0,-0.165,-0.9798,0.1131,0,0,0.2144,0,1]},
{"frame":34,"values":[0,-0.1147,-0.9934,0,0.9935,-0.1127,0.013,0,-0.1135,-0.987,0.114,0,0,0.2144,0,1]},
{"frame":35,"values":[0,-0.1147,-0.9934,0,0.9987,-0.0505,0.0058,0,-0.0509,-0.9921,0.1146,0,0,0.2144,0,1]},
{"frame":36,"values":[0,-0.1147,-0.9934,0,0.9998,0.0174,-0.002,0,0.0175,-0.9932,0.1147,0,0,0.2144,0,1]},
{"frame":37,"values":[0,-0.1147,-0.9934,0,0.9963,0.0851,-0.0098,0,0.0857,-0.9897,0.1143,0,0,0.2144,0,1]},
{"frame":38,"values":[0,-0.1147,-0.9934,0,0.9889,0.1473,-0.017,0,0.1483,-0.9824,0.1135,0,0,0.2144,0,1]},
{"frame":39,"values":[0,-0.1147,-0.9934,0,0.9794,0.2007,-0.0232,0,0.202,-0.9729,0.1124,0,0,0.2144,0,1]},
{"frame":40,"values":[0,-0.1147,-0.9934,0,0.9695,0.2436,-0.0281,0,0.2452,-0.9631,0.1112,0,0,0.2144,0,1]},
{"frame":41,"values":[0,-0.1147,-0.9934,0,0.9587,0.2824,-0.0326,0,0.2843,-0.9524,0.11,0,0,0.2144,0,1]},
{"frame":42,"values":[0,-0.1147,-0.9934,0,0.9456,0.323,-0.0373,0,0.3252,-0.9394,0.1085,0,0,0.2144,0,1]},
{"frame":43,"values":[0,-0.1147,-0.9934,0,0.9303,0.3644,-0.0421,0,0.3668,-0.9242,0.1067,0,0,0.2144,0,1]},
{"frame":44,"values":[0,-0.1147,-0.9934,0,0.9133,0.4046,-0.0467,0,0.4073,-0.9073,0.1048,0,0,0.2144,0,1]},
{"frame":45,"values":[0,-0.1147,-0.9934,0,0.8958,0.4416,-0.051,0,0.4446,-0.8898,0.1028,0,0,0.2144,0,1]},
{"frame":46,"values":[0,-0.1147,-0.9934,0,0.8792,0.4733,-0.0547,0,0.4764,-0.8734,0.1009,0,0,0.2144,0,1]},
{"frame":47,"values":[0,-0.1147,-0.9934,0,0.8652,0.4981,-0.0575,0,0.5014,-0.8595,0.0993,0,0,0.2144,0,1]},
{"frame":48,"values":[0,-0.1147,-0.9934,0,0.8549,0.5154,-0.0595,0,0.5189,-0.8492,0.0981,0,0,0.2144,0,1]},
{"frame":49,"values":[0,-0.1147,-0.9934,0,0.8487,0.5254,-0.0607,0,0.5289,-0.8431,0.0974,0,0,0.2144,0,1]},
{"frame":50,"values":[0,-0.1147,-0.9934,0,0.8467,0.5285,-0.061,0,0.5321,-0.8411,0.0971,0,0,0.2144,0,1]},
{"frame":51,"values":[0,-0.1147,-0.9934,0,0.8557,0.514,-0.0594,0,0.5174,-0.8501,0.0982,0,0,0.2144,0,1]},
{"frame":52,"values":[0,-0.1147,-0.9934,0,0.8815,0.4691,-0.0542,0,0.4722,-0.8757,0.1011,0,0,0.2144,0,1]},
{"frame":53,"values":[0,-0.1147,-0.9934,0,0.9186,0.3925,-0.0453,0,0.3952,-0.9126,0.1054,0,0,0.2144,0,1]},
{"frame":54,"values":[0,-0.1147,-0.9934,0,0.9574,0.2869,-0.0331,0,0.2888,-0.9511,0.1098,0,0,0.2144,0,1]},
{"frame":55,"values":[0,-0.1147,-0.9934,0,0.9866,0.162,-0.0187,0,0.163,-0.9801,0.1132,0,0,0.2144,0,1]},
{"frame":56,"values":[0,-0.1147,-0.9934,0,0.9994,0.0343,-0.004,0,0.0345,-0.9928,0.1147,0,0,0.2144,0,1]},
{"frame":57,"values":[0,-0.1147,-0.9934,0,0.9969,-0.0781,0.009,0,-0.0786,-0.9903,0.1144,0,0,0.2144,0,1]},
{"frame":58,"values":[0,-0.1147,-0.9934,0,0.9865,-0.1625,0.0188,0,-0.1635,-0.98,0.1132,0,0,0.2144,0,1]},
{"frame":59,"values":[0,-0.1147,-0.9934,0,0.9767,-0.2132,0.0246,0,-0.2146,-0.9702,0.112,0,0,0.2144,0,1]},
{"frame":60,"values":[0,-0.1147,-0.9934,0,0.9729,-0.2299,0.0265,0,-0.2314,-0.9664,0.1116,0,0,0.2144,0,1]},
{"frame":130,"values":[0,-0.1147,-0.9934,0,0.9729,-0.2299,0.0265,0,-0.2314,-0.9664,0.1116,0,0,0.2144,0,1]}],"loopBehavior":1,"name":"anim","property":"_matrix"}},
{"name":"Hip-R","index":16,"matrix":[0,1,0,0,-0.9986,0,0.0533,0,0.0533,0,0.9986,0,0,0.3624,0,1],"rest":[0,1,0,0,-0.9986,0,0.0533,0,0.0533,0,0.9986,0,0,0.3624,0,1],"parentBoneIndex":0,"length":0.1335
,"animation":{"dataType":3,"framePerSecond":24,"keys":[
{"frame":0,"values":[0,1,0,0,-0.9986,0,0.0533,0,0.0533,0,0.9986,0,0,0.3624,0,1]},
{"frame":1,"values":[0,1,0,0,-0.9986,0,0.0533,0,0.0533,0,0.9986,0,0,0.3624,0,1]},
{"frame":11,"values":[0,1,0,0,-0.9986,0,0.0533,0,0.0533,0,0.9986,0,0,0.3624,0,1]},
{"frame":130,"values":[0,1,0,0,-0.9986,0,0.0533,0,0.0533,0,0.9986,0,0,0.3624,0,1]}],"loopBehavior":1,"name":"anim","property":"_matrix"}},
{"name":"UpperLeg-R","index":17,"matrix":[0.9235,-0.0204,-0.383,0,0.3784,0.2111,0.9012,0,0.0624,-0.9772,0.2027,0,0,0.1335,0,1],"rest":[1,0,0,0,0,0.2152,0.9766,0,0,-0.9766,0.2152,0,0,0.1335,0,1],"parentBoneIndex":16,"length":0.2624
,"animation":{"dataType":3,"framePerSecond":24,"keys":[
{"frame":0,"values":[0.9235,-0.0204,-0.383,0,0.3784,0.2111,0.9012,0,0.0624,-0.9772,0.2027,0,0,0.1335,0,1]},
{"frame":1,"values":[0.9235,-0.0204,-0.383,0,0.3784,0.2111,0.9012,0,0.0624,-0.9772,0.2027,0,0,0.1335,0,1]},
{"frame":11,"values":[0.9235,-0.0204,-0.383,0,0.3784,0.2111,0.9012,0,0.0624,-0.9772,0.2027,0,0,0.1335,0,1]},
{"frame":12,"values":[0.9191,-0.021,-0.3935,0,0.3888,0.2109,0.8969,0,0.0641,-0.9773,0.202,0,0,0.1335,0,1]},
{"frame":13,"values":[0.905,-0.0227,-0.4247,0,0.4196,0.2102,0.883,0,0.0692,-0.9774,0.1997,0,0,0.1335,0,1]},
{"frame":14,"values":[0.8802,-0.0253,-0.474,0,0.4683,0.2089,0.8585,0,0.0773,-0.9776,0.1957,0,0,0.1335,0,1]},
{"frame":15,"values":[0.8445,-0.0285,-0.5347,0,0.5284,0.207,0.8234,0,0.0872,-0.9779,0.1899,0,0,0.1335,0,1]},
{"frame":16,"values":[0.8013,-0.0319,-0.5974,0,0.5902,0.2047,0.7808,0,0.0974,-0.9783,0.1829,0,0,0.1335,0,1]},
{"frame":17,"values":[0.7572,-0.0348,-0.6523,0,0.6445,0.2024,0.7373,0,0.1063,-0.9787,0.1757,0,0,0.1335,0,1]},
{"frame":18,"values":[0.72,-0.037,-0.693,0,0.6848,0.2004,0.7007,0,0.113,-0.979,0.1696,0,0,0.1335,0,1]},
{"frame":19,"values":[0.6957,-0.0383,-0.7173,0,0.7087,0.1992,0.6768,0,0.1169,-0.9792,0.1657,0,0,0.1335,0,1]},
{"frame":20,"values":[0.6875,-0.0387,-0.7252,0,0.7165,0.1987,0.6687,0,0.1182,-0.9793,0.1644,0,0,0.1335,0,1]},
{"frame":21,"values":[0.6908,-0.0385,-0.722,0,0.7134,0.1989,0.6719,0,0.1177,-0.9793,0.1649,0,0,0.1335,0,1]},
{"frame":22,"values":[0.7011,-0.038,-0.712,0,0.7035,0.1994,0.6821,0,0.1161,-0.9792,0.1666,0,0,0.1335,0,1]},
{"frame":23,"values":[0.7188,-0.0371,-0.6942,0,0.686,0.2004,0.6995,0,0.1132,-0.979,0.1694,0,0,0.1335,0,1]},
{"frame":24,"values":[0.7432,-0.0357,-0.6681,0,0.6601,0.2017,0.7236,0,0.1089,-0.9788,0.1734,0,0,0.1335,0,1]},
{"frame":25,"values":[0.7729,-0.0338,-0.6336,0,0.626,0.2032,0.7529,0,0.1033,-0.9785,0.1782,0,0,0.1335,0,1]},
{"frame":26,"values":[0.8056,-0.0316,-0.5916,0,0.5845,0.2049,0.7851,0,0.0964,-0.9783,0.1836,0,0,0.1335,0,1]},
{"frame":27,"values":[0.8388,-0.029,-0.5437,0,0.5372,0.2067,0.8177,0,0.0886,-0.978,0.1889,0,0,0.1335,0,1]},
{"frame":28,"values":[0.8703,-0.0263,-0.4918,0,0.486,0.2083,0.8488,0,0.0802,-0.9777,0.1941,0,0,0.1335,0,1]},
{"frame":29,"values":[0.8988,-0.0234,-0.4378,0,0.4326,0.2098,0.8768,0,0.0714,-0.9775,0.1987,0,0,0.1335,0,1]},
{"frame":30,"values":[0.9235,-0.0204,-0.383,0,0.3784,0.2111,0.9012,0,0.0624,-0.9772,0.2027,0,0,0.1335,0,1]},
{"frame":31,"values":[0.9464,-0.0172,-0.3227,0,0.3188,0.2123,0.9237,0,0.0526,-0.977,0.2064,0,0,0.1335,0,1]},
{"frame":32,"values":[0.9679,-0.0134,-0.2511,0,0.2481,0.2135,0.9449,0,0.0409,-0.9769,0.2099,0,0,0.1335,0,1]},
{"frame":33,"values":[0.9857,-0.009,-0.1685,0,0.1665,0.2144,0.9625,0,0.0275,-0.9767,0.2128,0,0,0.1335,0,1]},
{"frame":34,"values":[0.997,-0.0041,-0.077,0,0.076,0.215,0.9736,0,0.0125,-0.9766,0.2147,0,0,0.1335,0,1]},
{"frame":35,"values":[0.9998,0.001,0.0195,0,-0.0192,0.2151,0.9764,0,-0.0032,-0.9766,0.2151,0,0,0.1335,0,1]},
{"frame":36,"values":[0.9933,0.0062,0.1154,0,-0.114,0.2148,0.97,0,-0.0188,-0.9766,0.2141,0,0,0.1335,0,1]},
{"frame":37,"values":[0.9786,0.011,0.2055,0,-0.2031,0.214,0.9555,0,-0.0335,-0.9768,0.2117,0,0,0.1335,0,1]},
{"frame":38,"values":[0.9581,0.0153,0.2861,0,-0.2826,0.213,0.9353,0,-0.0466,-0.9769,0.2083,0,0,0.1335,0,1]},
{"frame":39,"values":[0.9346,0.019,0.3553,0,-0.351,0.2117,0.9121,0,-0.0579,-0.9771,0.2045,0,0,0.1335,0,1]},
{"frame":40,"values":[0.9104,0.022,0.4131,0,-0.4082,0.2104,0.8883,0,-0.0673,-0.9774,0.2006,0,0,0.1335,0,1]},
{"frame":41,"values":[0.885,0.0248,0.4649,0,-0.4593,0.2091,0.8633,0,-0.0758,-0.9776,0.1965,0,0,0.1335,0,1]},
{"frame":42,"values":[0.8569,0.0275,0.5148,0,-0.5086,0.2076,0.8356,0,-0.0839,-0.9778,0.1919,0,0,0.1335,0,1]},
{"frame":43,"values":[0.8268,0.03,0.5616,0,-0.5549,0.2061,0.806,0,-0.0916,-0.9781,0.187,0,0,0.1335,0,1]},
{"frame":44,"values":[0.7963,0.0322,0.6041,0,-0.5969,0.2044,0.7758,0,-0.0985,-0.9783,0.182,0,0,0.1335,0,1]},
