{"producer":{"name":"Blender","version":"2.78 (sub 0)","exporter_version":"5.4.2","file":"character.babylon"},
"autoClear":true,"clearColor":[0.0509,0.0509,0.0509],"ambientColor":[0,0,0],"gravity":[0,-9.81,0],
"materials":[],
"multiMaterials":[],
"skeletons":[{"name":"Armature","id":0,"dimensionsAtRest":[1.5248,1.3384,0.4855],"bones":[
{"name":"root","index":0,"matrix":[-1,0,0,0,0,0,1,0,0,-1,0,0,0,0.4932,-0.3624,1],"rest":[-1,0,0,0,0,0,1,0,0,-1,0,0,0,0.4932,-0.3624,1],"parentBoneIndex":-1,"length":0.3624
,"animation":{"dataType":3,"framePerSecond":24,"keys":[
{"frame":1,"values":[-1,0,0,0,0,0,1,0,0,-1,0,0,0,0.4932,-0.3624,1]},
{"frame":190,"values":[-1,0,0,0,0,0,1,0,0,-1,0,0,0,0.4932,-0.3624,1]}],"loopBehavior":1,"name":"anim","property":"_matrix"}},
{"name":"Spine","index":1,"matrix":[1,0,0,0,0,0,-1,0,0,1,0,0,0,0.3624,0,1],"rest":[1,0,0,0,0,0,-1,0,0,1,0,0,0,0.3624,0,1],"parentBoneIndex":0,"length":0.4437
,"animation":{"dataType":3,"framePerSecond":24,"keys":[
{"frame":1,"values":[1,0,0,0,0,0,-1,0,0,1,0,0,0,0.3624,0,1]},
{"frame":190,"values":[1,0,0,0,0,0,-1,0,0,1,0,0,0,0.3624,0,1]}],"loopBehavior":1,"name":"anim","property":"_matrix"}},
{"name":"Shoulder-L","index":2,"matrix":[0.0846,-0.0358,0.9958,0,0.917,-0.3883,-0.0919,0,0.3899,0.9209,0,0,0,0.4437,0,1],"rest":[0.0846,-0.0358,0.9958,0,0.917,-0.3883,-0.0919,0,0.3899,0.9209,0,0,0,0.4437,0,1],"parentBoneIndex":1,"length":0.2257
,"animation":{"dataType":3,"framePerSecond":24,"keys":[
{"frame":1,"values":[0.0846,-0.0358,0.9958,0,0.917,-0.3883,-0.0919,0,0.3899,0.9209,0,0,0,0.4437,0,1]},
{"frame":190,"values":[0.0846,-0.0358,0.9958,0,0.917,-0.3883,-0.0919,0,0.3899,0.9209,0,0,0,0.4437,0,1]}],"loopBehavior":1,"name":"anim","property":"_matrix"}},
{"name":"UpperArm-L","index":3,"matrix":[0.9977,-0.0519,-0.0444,0,0.0018,0.6702,-0.7422,0,0.0683,0.7404,0.6687,0,0,0.2257,0,1],"rest":[0.9994,-0.0326,0.0063,0,0.0317,0.9939,0.1057,0,-0.0097,-0.1054,0.9944,0,0,0.2257,0,1],"parentBoneIndex":2,"length":0.2381
,"animation":{"dataType":3,"framePerSecond":24,"keys":[
{"frame":1,"values":[0.9977,-0.0519,-0.0444,0,0.0018,0.6702,-0.7422,0,0.0683,0.7404,0.6687,0,0,0.2257,0,1]},
{"frame":190,"values":[0.9977,-0.0519,-0.0444,0,0.0018,0.6702,-0.7422,0,0.0683,0.7404,0.6687,0,0,0.2257,0,1]}],"loopBehavior":1,"name":"anim","property":"_matrix"}},
{"name":"LowerArm-L","index":4,"matrix":[0.995,-0.1001,0.0064,0,0.0999,0.9826,-0.1564,0,0.0093,0.1562,0.9877,0,0,0.2381,0,1],"rest":[0.9949,-0.1003,-0.0052,0,0.1002,0.987,0.1256,0,-0.0075,-0.1255,0.9921,0,0,0.2381,0,1],"parentBoneIndex":3,"length":0.1892
,"animation":{"dataType":3,"framePerSecond":24,"keys":[
{"frame":1,"values":[0.995,-0.1001,0.0064,0,0.0999,0.9826,-0.1564,0,0.0093,0.1562,0.9877,0,0,0.2381,0,1]},
{"frame":190,"values":[0.995,-0.1001,0.0064,0,0.0999,0.9826,-0.1564,0,0.0093,0.1562,0.9877,0,0,0.2381,0,1]}],"loopBehavior":1,"name":"anim","property":"_matrix"}},
{"name":"Hand-L","index":5,"matrix":[0.9992,0.041,0,0,-0.041,0.9979,0.0505,0,0.0021,-0.0505,0.9987,0,0,0.1892,0,1],"rest":[0.9992,0.041,0,0,-0.041,0.9979,0.0505,0,0.0021,-0.0505,0.9987,0,0,0.1892,0,1],"parentBoneIndex":4,"length":0.1427
,"animation":{"dataType":3,"framePerSecond":24,"keys":[
{"frame":1,"values":[0.9992,0.041,0,0,-0.041,0.9979,0.0505,0,0.0021,-0.0505,0.9987,0,0,0.1892,0,1]},
{"frame":190,"values":[0.9992,0.041,0,0,-0.041,0.9979,0.0505,0,0.0021,-0.0505,0.9987,0,0,0.1892,0,1]}],"loopBehavior":1,"name":"anim","property":"_matrix"}},
{"name":"Neck","index":6,"matrix":[1,0,0,0,0,1,0,0,0,0,1,0,0,0.4437,0,1],"rest":[1,0,0,0,0,1,0,0,0,0,1,0,0,0.4437,0,1],"parentBoneIndex":1,"length":0.1212
,"animation":{"dataType":3,"framePerSecond":24,"keys":[
{"frame":1,"values":[1,0,0,0,0,1,0,0,0,0,1,0,0,0.4437,0,1]},
{"frame":190,"values":[1,0,0,0,0,1,0,0,0,0,1,0,0,0.4437,0,1]}],"loopBehavior":1,"name":"anim","property":"_matrix"}},
{"name":"Head","index":7,"matrix":[0.9921,-0.0138,-0.1243,0,0.0044,0.9971,-0.0761,0,0.125,0.075,0.9893,0,0,0.1212,0,1],"rest":[1,0,0,0,0,1,0,0,0,0,1,0,0,0.1212,0,1],"parentBoneIndex":6,"length":0.2945
,"animation":{"dataType":3,"framePerSecond":24,"keys":[
{"frame":1,"values":[1,0,0,0,0,1,0,0,0,0,1,0,0,0.1212,0,1]},
{"frame":2,"values":[1,0,-0.0006,0,0,1,-0.0003,0,0.0006,0.0003,1,0,0,0.1212,0,1]},
{"frame":3,"values":[1,-0.0002,-0.0023,0,0.0002,1,-0.0014,0,0.0023,0.0014,1,0,0,0.1212,0,1]},
{"frame":4,"values":[1,-0.0004,-0.0052,0,0.0004,1,-0.0031,0,0.0052,0.0031,1,0,0,0.1212,0,1]},
{"frame":5,"values":[1,-0.0007,-0.0092,0,0.0006,1,-0.0056,0,0.0092,0.0056,0.9999,0,0,0.1212,0,1]},
{"frame":6,"values":[0.9999,-0.0011,-0.0144,0,0.001,1,-0.0088,0,0.0144,0.0087,0.9999,0,0,0.1212,0,1]},
{"frame":7,"values":[0.9998,-0.0017,-0.0208,0,0.0014,0.9999,-0.0126,0,0.0208,0.0126,0.9997,0,0,0.1212,0,1]},
{"frame":8,"values":[0.9996,-0.0023,-0.0283,0,0.0018,0.9999,-0.0172,0,0.0284,0.0171,0.9995,0,0,0.1212,0,1]},
{"frame":9,"values":[0.9993,-0.0031,-0.037,0,0.0023,0.9997,-0.0225,0,0.037,0.0224,0.9991,0,0,0.1212,0,1]},
{"frame":10,"values":[0.9989,-0.0041,-0.0467,0,0.0028,0.9996,-0.0284,0,0.0468,0.0282,0.9985,0,0,0.1212,0,1]},
{"frame":11,"values":[0.9983,-0.0052,-0.0574,0,0.0032,0.9994,-0.035,0,0.0576,0.0347,0.9977,0,0,0.1212,0,1]},
{"frame":12,"values":[0.9976,-0.0065,-0.0692,0,0.0036,0.9991,-0.0422,0,0.0694,0.0418,0.9967,0,0,0.1212,0,1]},
{"frame":13,"values":[0.9966,-0.008,-0.0818,0,0.0039,0.9987,-0.0499,0,0.0821,0.0494,0.9954,0,0,0.1212,0,1]},
{"frame":14,"values":[0.9954,-0.0098,-0.0953,0,0.0042,0.9983,-0.0582,0,0.0957,0.0575,0.9937,0,0,0.1212,0,1]},
{"frame":15,"values":[0.9939,-0.0117,-0.1095,0,0.0044,0.9977,-0.067,0,0.11,0.0661,0.9917,0,0,0.1212,0,1]},
{"frame":16,"values":[0.9921,-0.0138,-0.1243,0,0.0044,0.9971,-0.0761,0,0.125,0.075,0.9893,0,0,0.1212,0,1]},
{"frame":17,"values":[0.9901,-0.0162,-0.1397,0,0.0043,0.9963,-0.0857,0,0.1405,0.0842,0.9865,0,0,0.1212,0,1]},
{"frame":18,"values":[0.9877,-0.0188,-0.1554,0,0.004,0.9954,-0.0954,0,0.1565,0.0936,0.9832,0,0,0.1212,0,1]},
{"frame":19,"values":[0.985,-0.0216,-0.1714,0,0.0035,0.9944,-0.1054,0,0.1727,0.1032,0.9796,0,0,0.1212,0,1]},
{"frame":20,"values":[0.982,-0.0246,-0.1875,0,0.0029,0.9933,-0.1154,0,0.1891,0.1128,0.9755,0,0,0.1212,0,1]},
{"frame":21,"values":[0.9787,-0.0278,-0.2036,0,0.0021,0.9921,-0.1255,0,0.2054,0.1224,0.971,0,0,0.1212,0,1]},
{"frame":22,"values":[0.9751,-0.0311,-0.2195,0,0.0011,0.9908,-0.1355,0,0.2217,0.1319,0.9662,0,0,0.1212,0,1]},
{"frame":23,"values":[0.9714,-0.0345,-0.2351,0,0,0.9894,-0.1454,0,0.2376,0.1412,0.961,0,0,0.1212,0,1]},
{"frame":24,"values":[0.9674,-0.038,-0.2503,0,-0.0012,0.9879,-0.155,0,0.2532,0.1502,0.9557,0,0,0.1212,0,1]},
{"frame":25,"values":[0.9633,-0.0416,-0.265,0,-0.0026,0.9864,-0.1643,0,0.2682,0.159,0.9501,0,0,0.1212,0,1]},
{"frame":26,"values":[0.9592,-0.0451,-0.2791,0,-0.0041,0.9849,-0.1732,0,0.2827,0.1673,0.9445,0,0,0.1212,0,1]},
{"frame":27,"values":[0.9551,-0.0486,-0.2924,0,-0.0056,0.9833,-0.1817,0,0.2964,0.1752,0.9389,0,0,0.1212,0,1]},
{"frame":28,"values":[0.9509,-0.052,-0.305,0,-0.0071,0.9818,-0.1897,0,0.3093,0.1826,0.9333,0,0,0.1212,0,1]},
{"frame":29,"values":[0.9469,-0.0553,-0.3167,0,-0.0087,0.9803,-0.1972,0,0.3214,0.1895,0.9278,0,0,0.1212,0,1]},
{"frame":30,"values":[0.943,-0.0585,-0.3275,0,-0.0102,0.9789,-0.2042,0,0.3325,0.1959,0.9225,0,0,0.1212,0,1]},
{"frame":31,"values":[0.9394,-0.0614,-0.3373,0,-0.0117,0.9775,-0.2105,0,0.3427,0.2017,0.9175,0,0,0.1212,0,1]},
{"frame":32,"values":[0.936,-0.0641,-0.3462,0,-0.0131,0.9763,-0.2162,0,0.3519,0.2069,0.9129,0,0,0.1212,0,1]},
{"frame":33,"values":[0.9328,-0.0666,-0.3541,0,-0.0144,0.9751,-0.2213,0,0.36,0.2116,0.9086,0,0,0.1212,0,1]},
{"frame":34,"values":[0.93,-0.0688,-0.361,0,-0.0156,0.9741,-0.2258,0,0.3671,0.2156,0.9048,0,0,0.1212,0,1]},
{"frame":35,"values":[0.9276,-0.0707,-0.3668,0,-0.0166,0.9732,-0.2296,0,0.3732,0.219,0.9015,0,0,0.1212,0,1]},
{"frame":36,"values":[0.9255,-0.0723,-0.3717,0,-0.0175,0.9724,-0.2327,0,0.3783,0.2219,0.8987,0,0,0.1212,0,1]},
{"frame":37,"values":[0.9239,-0.0736,-0.3756,0,-0.0182,0.9718,-0.2352,0,0.3823,0.2242,0.8965,0,0,0.1212,0,1]},
{"frame":38,"values":[0.9226,-0.0746,-0.3784,0,-0.0187,0.9713,-0.2371,0,0.3852,0.2258,0.8948,0,0,0.1212,0,1]},
{"frame":39,"values":[0.9218,-0.0752,-0.3803,0,-0.0191,0.971,-0.2383,0,0.3872,0.2269,0.8936,0,0,0.1212,0,1]},
{"frame":40,"values":[0.9214,-0.0755,-0.3812,0,-0.0193,0.9709,-0.2389,0,0.3881,0.2275,0.8931,0,0,0.1212,0,1]},
{"frame":41,"values":[0.9223,-0.0747,-0.3793,0,-0.0193,0.971,-0.2381,0,0.3861,0.227,0.8941,0,0,0.1212,0,1]},
{"frame":42,"values":[0.9252,-0.0719,-0.3727,0,-0.0193,0.9717,-0.2354,0,0.3791,0.225,0.8976,0,0,0.1212,0,1]},
{"frame":43,"values":[0.9301,-0.0672,-0.3612,0,-0.0193,0.9729,-0.2306,0,0.3669,0.2214,0.9035,0,0,0.1212,0,1]},
{"frame":44,"values":[0.9368,-0.0605,-0.3447,0,-0.0194,0.9745,-0.2236,0,0.3494,0.2162,0.9117,0,0,0.1212,0,1]},
{"frame":45,"values":[0.945,-0.0519,-0.3229,0,-0.0196,0.9765,-0.2146,0,0.3265,0.2091,0.9218,0,0,0.1212,0,1]},
{"frame":46,"values":[0.9544,-0.0417,-0.2957,0,-0.0203,0.9789,-0.2034,0,0.2979,0.2001,0.9334,0,0,0.1212,0,1]},
{"frame":47,"values":[0.9644,-0.0298,-0.2629,0,-0.0215,0.9815,-0.19,0,0.2637,0.1889,0.9459,0,0,0.1212,0,1]},
{"frame":48,"values":[0.9744,-0.0166,-0.2244,0,-0.0234,0.9844,-0.1746,0,0.2238,0.1754,0.9587,0,0,0.1212,0,1]},
{"frame":49,"values":[0.9836,-0.0025,-0.1803,0,-0.0264,0.9872,-0.1573,0,0.1784,0.1595,0.9709,0,0,0.1212,0,1]},
{"frame":50,"values":[0.9913,0.0123,-0.1309,0,-0.0306,0.9899,-0.1383,0,0.1279,0.1411,0.9817,0,0,0.1212,0,1]},
{"frame":51,"values":[0.9967,0.0273,-0.0765,0,-0.0362,0.9924,-0.1178,0,0.0727,0.1202,0.9901,0,0,0.1212,0,1]},
{"frame":52,"values":[0.999,0.042,-0.0179,0,-0.0435,0.9944,-0.0963,0,0.0138,0.097,0.9952,0,0,0.1212,0,1]},
{"frame":53,"values":[0.9975,0.0559,0.0439,0,-0.0525,0.9959,-0.0741,0,-0.0479,0.0717,0.9963,0,0,0.1212,0,1]},
{"frame":54,"values":[0.9918,0.0685,0.1079,0,-0.0632,0.9967,-0.0519,0,-0.1111,0.0446,0.9928,0,0,0.1212,0,1]},
{"frame":55,"values":[0.9818,0.0795,0.1726,0,-0.0755,0.9967,-0.03,0,-0.1745,0.0164,0.9845,0,0,0.1212,0,1]},
{"frame":56,"values":[0.9675,0.0886,0.2368,0,-0.0891,0.996,-0.0089,0,-0.2367,-0.0124,0.9715,0,0,0.1212,0,1]},
{"frame":57,"values":[0.9494,0.0957,0.2991,0,-0.1037,0.9945,0.0108,0,-0.2964,-0.0413,0.9542,0,0,0.1212,0,1]},
{"frame":58,"values":[0.9281,0.1008,0.3583,0,-0.119,0.9925,0.029,0,-0.3527,-0.0696,0.9331,0,0,0.1212,0,1]},
{"frame":59,"values":[0.9046,0.1039,0.4135,0,-0.1345,0.9899,0.0454,0,-0.4046,-0.0967,0.9094,0,0,0.1212,0,1]},
{"frame":60,"values":[0.8796,0.1054,0.4638,0,-0.1498,0.9869,0.0599,0,-0.4515,-0.1221,0.8839,0,0,0.1212,0,1]},
{"frame":61,"values":[0.8543,0.1054,0.509,0,-0.1645,0.9837,0.0723,0,-0.4931,-0.1455,0.8577,0,0,0.1212,0,1]},
{"frame":62,"values":[0.8295,0.1044,0.5487,0,-0.1783,0.9805,0.0829,0,-0.5293,-0.1666,0.8319,0,0,0.1212,0,1]},
{"frame":63,"values":[0.806,0.1027,0.5829,0,-0.1909,0.9773,0.0918,0,-0.5603,-0.1852,0.8073,0,0,0.1212,0,1]},
{"frame":64,"values":[0.7846,0.1005,0.6118,0,-0.202,0.9744,0.099,0,-0.5862,-0.2012,0.7848,0,0,0.1212,0,1]},
{"frame":65,"values":[0.7658,0.0983,0.6355,0,-0.2116,0.9717,0.1047,0,-0.6073,-0.2147,0.7649,0,0,0.1212,0,1]},
{"frame":66,"values":[0.75,0.0961,0.6545,0,-0.2195,0.9695,0.1091,0,-0.624,-0.2255,0.7482,0,0,0.1212,0,1]},
{"frame":67,"values":[0.7375,0.0943,0.6688,0,-0.2257,0.9677,0.1124,0,-0.6366,-0.2339,0.7349,0,0,0.1212,0,1]},
{"frame":68,"values":[0.7284,0.0929,0.6788,0,-0.2301,0.9664,0.1147,0,-0.6453,-0.2397,0.7253,0,0,0.1212,0,1]},
{"frame":69,"values":[0.723,0.092,0.6847,0,-0.2327,0.9656,0.116,0,-0.6504,-0.2432,0.7196,0,0,0.1212,0,1]},
{"frame":70,"values":[0.7212,0.0917,0.6866,0,-0.2336,0.9653,0.1164,0,-0.6521,-0.2444,0.7176,0,0,0.1212,0,1]},
{"frame":71,"values":[0.7225,0.0917,0.6853,0,-0.233,0.9655,0.1164,0,-0.651,-0.2437,0.7189,0,0,0.1212,0,1]},
{"frame":72,"values":[0.7263,0.0918,0.6813,0,-0.2311,0.966,0.1162,0,-0.6474,-0.2419,0.7227,0,0,0.1212,0,1]},
{"frame":73,"values":[0.7325,0.0918,0.6745,0,-0.228,0.9667,0.1159,0,-0.6414,-0.2387,0.7291,0,0,0.1212,0,1]},
{"frame":74,"values":[0.7413,0.0919,0.6649,0,-0.2235,0.9678,0.1155,0,-0.6329,-0.2342,0.738,0,0,0.1212,0,1]},
{"frame":75,"values":[0.7524,0.0918,0.6523,0,-0.2178,0.9692,0.1149,0,-0.6217,-0.2285,0.7492,0,0,0.1212,0,1]},
{"frame":76,"values":[0.7656,0.0916,0.6367,0,-0.2109,0.9709,0.1139,0,-0.6077,-0.2215,0.7626,0,0,0.1212,0,1]},
{"frame":77,"values":[0.7808,0.0911,0.618,0,-0.2027,0.9727,0.1126,0,-0.5909,-0.2132,0.778,0,0,0.1212,0,1]},
{"frame":78,"values":[0.7977,0.0904,0.5962,0,-0.1933,0.9748,0.1109,0,-0.5712,-0.2037,0.7951,0,0,0.1212,0,1]},
{"frame":79,"values":[0.8159,0.0892,0.5713,0,-0.1829,0.9771,0.1086,0,-0.5485,-0.1931,0.8135,0,0,0.1212,0,1]},
{"frame":80,"values":[0.8349,0.0876,0.5433,0,-0.1716,0.9795,0.1058,0,-0.5229,-0.1816,0.8328,0,0,0.1212,0,1]},
{"frame":81,"values":[0.8544,0.0853,0.5125,0,-0.1594,0.9819,0.1023,0,-0.4945,-0.1691,0.8526,0,0,0.1212,0,1]},
{"frame":82,"values":[0.8739,0.0824,0.479,0,-0.1466,0.9843,0.0981,0,-0.4634,-0.1559,0.8723,0,0,0.1212,0,1]},
{"frame":83,"values":[0.8929,0.0789,0.4434,0,-0.1334,0.9867,0.0931,0,-0.4301,-0.1423,0.8915,0,0,0.1212,0,1]},
{"frame":84,"values":[0.9109,0.0746,0.4059,0,-0.12,0.9889,0.0875,0,-0.3949,-0.1284,0.9097,0,0,0.1212,0,1]},
{"frame":85,"values":[0.9275,0.0697,0.3673,0,-0.1066,0.991,0.0811,0,-0.3583,-0.1144,0.9266,0,0,0.1212,0,1]},
{"frame":86,"values":[0.9425,0.0642,0.328,0,-0.0935,0.9928,0.0742,0,-0.3209,-0.1006,0.9417,0,0,0.1212,0,1]},
{"frame":87,"values":[0.9556,0.0582,0.2888,0,-0.0808,0.9945,0.0669,0,-0.2834,-0.0873,0.955,0,0,0.1212,0,1]},
{"frame":88,"values":[0.9668,0.0519,0.2504,0,-0.0688,0.9959,0.0593,0,-0.2463,-0.0746,0.9663,0,0,0.1212,0,1]},
{"frame":89,"values":[0.9759,0.0453,0.2133,0,-0.0576,0.997,0.0516,0,-0.2103,-0.0626,0.9756,0,0,0.1212,0,1]},
{"frame":90,"values":[0.9833,0.0388,0.178,0,-0.0473,0.9979,0.0439,0,-0.176,-0.0515,0.983,0,0,0.1212,0,1]},
{"frame":91,"values":[0.9889,0.0323,0.1453,0,-0.038,0.9986,0.0364,0,-0.1439,-0.0415,0.9887,0,0,0.1212,0,1]},
{"frame":92,"values":[0.993,0.0261,0.1153,0,-0.0297,0.9991,0.0293,0,-0.1144,-0.0326,0.9929,0,0,0.1212,0,1]},
{"frame":93,"values":[0.9959,0.0204,0.0885,0,-0.0225,0.9995,0.0228,0,-0.0879,-0.0247,0.9958,0,0,0.1212,0,1]},
{"frame":94,"values":[0.9978,0.0152,0.065,0,-0.0163,0.9997,0.017,0,-0.0647,-0.018,0.9977,0,0,0.1212,0,1]},
{"frame":95,"values":[0.9989,0.0107,0.0451,0,-0.0112,0.9999,0.0119,0,-0.0449,-0.0124,0.9989,0,0,0.1212,0,1]},
{"frame":96,"values":[0.9996,0.0069,0.0288,0,-0.0071,0.9999,0.0076,0,-0.0287,-0.0078,0.9996,0,0,0.1212,0,1]},
{"frame":97,"values":[0.9999,0.0039,0.0161,0,-0.004,1,0.0043,0,-0.0161,-0.0044,0.9999,0,0,0.1212,0,1]},
{"frame":98,"values":[1,0.0017,0.0071,0,-0.0017,1,0.0019,0,-0.0071,-0.0019,1,0,0,0.1212,0,1]},
{"frame":99,"values":[1,0.0004,0.0018,0,-0.0004,1,0.0005,0,-0.0018,-0.0005,1,0,0,0.1212,0,1]},
{"frame":100,"values":[1,0,0,0,0,1,0,0,0,0,1,0,0,0.1212,0,1]},
{"frame":190,"values":[1,0,0,0,0,1,0,0,0,0,1,0,0,0.1212,0,1]}],"loopBehavior":1,"name":"anim","property":"_matrix"}},
{"name":"Shoulder-R","index":8,"matrix":[0.0846,-0.4142,0.9062,0,-0.917,-0.3883,-0.0919,0,0.3899,-0.8232,-0.4127,0,0,0.4437,0,1],"rest":[0.0846,-0.4142,0.9062,0,-0.917,-0.3883,-0.0919,0,0.3899,-0.8232,-0.4127,0,0,0.4437,0,1],"parentBoneIndex":1,"length":0.2257
,"animation":{"dataType":3,"framePerSecond":24,"keys":[
{"frame":1,"values":[0.0846,-0.4142,0.9062,0,-0.917,-0.3883,-0.0919,0,0.3899,-0.8232,-0.4127,0,0,0.4437,0,1]},
{"frame":190,"values":[0.0846,-0.4142,0.9062,0,-0.917,-0.3883,-0.0919,0,0.3899,-0.8232,-0.4127,0,0,0.4437,0,1]}],"loopBehavior":1,"name":"anim","property":"_matrix"}},
{"name":"UpperArm-R","index":9,"matrix":[0.9374,-0.3336,-0.1001,0,0.31,0.6678,0.6767,0,-0.1589,-0.6654,0.7294,0,0,0.2257,0,1],"rest":[0.9988,0.0099,-0.0469,0,-0.0149,0.9939,-0.1093,0,0.0456,0.1099,0.9929,0,0,0.2257,0,1],"parentBoneIndex":8,"length":0.2381
,"animation":{"dataType":3,"framePerSecond":24,"keys":[
{"frame":1,"values":[0.9367,-0.3333,-0.107,0,0.3125,0.6587,0.6844,0,-0.1577,-0.6746,0.7212,0,0,0.2257,0,1]},
{"frame":2,"values":[0.9367,-0.3333,-0.1069,0,0.3125,0.6587,0.6844,0,-0.1577,-0.6745,0.7212,0,0,0.2257,0,1]},
{"frame":3,"values":[0.9367,-0.3333,-0.1069,0,0.3125,0.6588,0.6843,0,-0.1577,-0.6744,0.7213,0,0,0.2257,0,1]},
{"frame":4,"values":[0.9367,-0.3333,-0.1067,0,0.3124,0.659,0.6842,0,-0.1577,-0.6742,0.7215,0,0,0.2257,0,1]},
{"frame":5,"values":[0.9368,-0.3334,-0.1065,0,0.3124,0.6593,0.6839,0,-0.1578,-0.674,0.7217,0,0,0.2257,0,1]},
{"frame":6,"values":[0.9368,-0.3334,-0.1062,0,0.3123,0.6596,0.6837,0,-0.1578,-0.6736,0.722,0,0,0.2257,0,1]},
{"frame":7,"values":[0.9368,-0.3334,-0.1059,0,0.3122,0.66,0.6833,0,-0.1579,-0.6732,0.7224,0,0,0.2257,0,1]},
{"frame":8,"values":[0.9368,-0.3334,-0.1055,0,0.312,0.6605,0.6829,0,-0.158,-0.6727,0.7229,0,0,0.2257,0,1]},
{"frame":9,"values":[0.9369,-0.3335,-0.1051,0,0.3119,0.6611,0.6824,0,-0.1581,-0.6721,0.7234,0,0,0.2257,0,1]},
{"frame":10,"values":[0.9369,-0.3335,-0.1046,0,0.3117,0.6618,0.6818,0,-0.1582,-0.6714,0.724,0,0,0.2257,0,1]},
{"frame":11,"values":[0.937,-0.3335,-0.104,0,0.3114,0.6626,0.6812,0,-0.1583,-0.6707,0.7247,0,0,0.2257,0,1]},
{"frame":12,"values":[0.937,-0.3335,-0.1034,0,0.3112,0.6634,0.6805,0,-0.1584,-0.6698,0.7255,0,0,0.2257,0,1]},
{"frame":13,"values":[0.9371,-0.3336,-0.1027,0,0.3109,0.6644,0.6797,0,-0.1585,-0.6688,0.7263,0,0,0.2257,0,1]},
{"frame":14,"values":[0.9372,-0.3336,-0.1019,0,0.3106,0.6654,0.6788,0,-0.1586,-0.6678,0.7272,0,0,0.2257,0,1]},
{"frame":15,"values":[0.9373,-0.3336,-0.101,0,0.3103,0.6666,0.6778,0,-0.1588,-0.6666,0.7283,0,0,0.2257,0,1]},
{"frame":16,"values":[0.9374,-0.3336,-0.1001,0,0.31,0.6678,0.6767,0,-0.1589,-0.6654,0.7294,0,0,0.2257,0,1]},
{"frame":17,"values":[0.9375,-0.3336,-0.0992,0,0.3096,0.6691,0.6756,0,-0.159,-0.664,0.7306,0,0,0.2257,0,1]},
{"frame":18,"values":[0.9376,-0.3336,-0.0981,0,0.3092,0.6706,0.6743,0,-0.1592,-0.6626,0.7319,0,0,0.2257,0,1]},
{"frame":19,"values":[0.9377,-0.3336,-0.097,0,0.3087,0.6721,0.673,0,-0.1593,-0.661,0.7333,0,0,0.2257,0,1]},
{"frame":20,"values":[0.9378,-0.3336,-0.0958,0,0.3083,0.6738,0.6716,0,-0.1594,-0.6594,0.7347,0,0,0.2257,0,1]},
{"frame":21,"values":[0.938,-0.3335,-0.0946,0,0.3078,0.6755,0.67,0,-0.1596,-0.6576,0.7363,0,0,0.2257,0,1]},
{"frame":22,"values":[0.9381,-0.3335,-0.0933,0,0.3072,0.6774,0.6684,0,-0.1597,-0.6557,0.738,0,0,0.2257,0,1]},
{"frame":23,"values":[0.9383,-0.3334,-0.0919,0,0.3067,0.6794,0.6666,0,-0.1598,-0.6536,0.7397,0,0,0.2257,0,1]},
{"frame":24,"values":[0.9385,-0.3333,-0.0904,0,0.3061,0.6815,0.6647,0,-0.16,-0.6515,0.7416,0,0,0.2257,0,1]},
{"frame":25,"values":[0.9387,-0.3332,-0.0889,0,0.3054,0.6837,0.6628,0,-0.1601,-0.6492,0.7435,0,0,0.2257,0,1]},
{"frame":26,"values":[0.9389,-0.3331,-0.0873,0,0.3048,0.686,0.6607,0,-0.1602,-0.6469,0.7456,0,0,0.2257,0,1]},
{"frame":27,"values":[0.9391,-0.3329,-0.0856,0,0.3041,0.6885,0.6584,0,-0.1603,-0.6443,0.7477,0,0,0.2257,0,1]},
{"frame":28,"values":[0.9393,-0.3327,-0.0838,0,0.3033,0.691,0.6561,0,-0.1604,-0.6417,0.75,0,0,0.2257,0,1]},
{"frame":29,"values":[0.9395,-0.3325,-0.082,0,0.3025,0.6937,0.6536,0,-0.1604,-0.6389,0.7524,0,0,0.2257,0,1]},
{"frame":30,"values":[0.9398,-0.3322,-0.0801,0,0.3017,0.6965,0.651,0,-0.1605,-0.636,0.7548,0,0,0.2257,0,1]},
{"frame":31,"values":[0.9401,-0.332,-0.0781,0,0.3009,0.6994,0.6483,0,-0.1606,-0.633,0.7574,0,0,0.2257,0,1]},
{"frame":32,"values":[0.9403,-0.3316,-0.0761,0,0.3,0.7024,0.6454,0,-0.1606,-0.6298,0.76,0,0,0.2257,0,1]},
{"frame":33,"values":[0.9406,-0.3313,-0.074,0,0.299,0.7056,0.6424,0,-0.1606,-0.6264,0.7628,0,0,0.2257,0,1]},
{"frame":34,"values":[0.9409,-0.3309,-0.0718,0,0.2981,0.7089,0.6393,0,-0.1606,-0.6229,0.7656,0,0,0.2257,0,1]},
{"frame":35,"values":[0.9413,-0.3304,-0.0696,0,0.297,0.7122,0.636,0,-0.1606,-0.6193,0.7686,0,0,0.2257,0,1]},
{"frame":36,"values":[0.9416,-0.3299,-0.0673,0,0.296,0.7157,0.6325,0,-0.1606,-0.6155,0.7716,0,0,0.2257,0,1]},
{"frame":37,"values":[0.942,-0.3294,-0.0649,0,0.2949,0.7194,0.6289,0,-0.1605,-0.6116,0.7747,0,0,0.2257,0,1]},
{"frame":38,"values":[0.9423,-0.3288,-0.0624,0,0.2937,0.7231,0.6252,0,-0.1604,-0.6075,0.778,0,0,0.2257,0,1]},
{"frame":39,"values":[0.9427,-0.3282,-0.0599,0,0.2925,0.7269,0.6213,0,-0.1603,-0.6032,0.7813,0,0,0.2257,0,1]},
{"frame":40,"values":[0.9431,-0.3274,-0.0573,0,0.2913,0.7309,0.6172,0,-0.1602,-0.5988,0.7847,0,0,0.2257,0,1]},
{"frame":41,"values":[0.9436,-0.3267,-0.0547,0,0.29,0.735,0.6129,0,-0.16,-0.5942,0.7882,0,0,0.2257,0,1]},
{"frame":42,"values":[0.944,-0.3258,-0.052,0,0.2887,0.7392,0.6085,0,-0.1598,-0.5894,0.7918,0,0,0.2257,0,1]},
{"frame":43,"values":[0.9444,-0.3249,-0.0493,0,0.2873,0.7435,0.6039,0,-0.1596,-0.5845,0.7955,0,0,0.2257,0,1]},
{"frame":44,"values":[0.9449,-0.324,-0.0464,0,0.2859,0.7479,0.5991,0,-0.1594,-0.5794,0.7993,0,0,0.2257,0,1]},
{"frame":45,"values":[0.9454,-0.3229,-0.0436,0,0.2844,0.7524,0.5942,0,-0.1591,-0.5741,0.8031,0,0,0.2257,0,1]},
{"frame":46,"values":[0.9459,-0.3218,-0.0406,0,0.2829,0.757,0.589,0,-0.1588,-0.5687,0.8071,0,0,0.2257,0,1]},
{"frame":47,"values":[0.9465,-0.3206,-0.0377,0,0.2813,0.7617,0.5837,0,-0.1585,-0.5631,0.8111,0,0,0.2257,0,1]},
{"frame":48,"values":[0.947,-0.3194,-0.0346,0,0.2796,0.7665,0.5782,0,-0.1581,-0.5572,0.8152,0,0,0.2257,0,1]},
{"frame":49,"values":[0.9476,-0.318,-0.0316,0,0.278,0.7714,0.5725,0,-0.1577,-0.5512,0.8193,0,0,0.2257,0,1]},
{"frame":50,"values":[0.9481,-0.3166,-0.0285,0,0.2762,0.7763,0.5666,0,-0.1573,-0.5451,0.8235,0,0,0.2257,0,1]},
{"frame":51,"values":[0.9487,-0.315,-0.0253,0,0.2744,0.7814,0.5605,0,-0.1568,-0.5387,0.8278,0,0,0.2257,0,1]},
{"frame":52,"values":[0.9494,-0.3134,-0.0221,0,0.2726,0.7865,0.5542,0,-0.1563,-0.5321,0.8321,0,0,0.2257,0,1]},
{"frame":53,"values":[0.95,-0.3117,-0.0189,0,0.2707,0.7917,0.5476,0,-0.1558,-0.5254,0.8365,0,0,0.2257,0,1]},
{"frame":54,"values":[0.9506,-0.3099,-0.0156,0,0.2687,0.797,0.5409,0,-0.1552,-0.5184,0.8409,0,0,0.2257,0,1]},
{"frame":55,"values":[0.9513,-0.308,-0.0123,0,0.2667,0.8023,0.534,0,-0.1546,-0.5113,0.8454,0,0,0.2257,0,1]},
{"frame":56,"values":[0.952,-0.306,-0.009,0,0.2646,0.8077,0.5268,0,-0.1539,-0.5039,0.8499,0,0,0.2257,0,1]},
{"frame":57,"values":[0.9527,-0.3039,-0.0056,0,0.2624,0.8132,0.5195,0,-0.1533,-0.4964,0.8545,0,0,0.2257,0,1]},
{"frame":58,"values":[0.9534,-0.3016,-0.0023,0,0.2602,0.8187,0.5119,0,-0.1525,-0.4887,0.859,0,0,0.2257,0,1]},
{"frame":59,"values":[0.9542,-0.2993,0.0011,0,0.258,0.8242,0.5041,0,-0.1518,-0.4807,0.8636,0,0,0.2257,0,1]},
{"frame":60,"values":[0.9549,-0.2969,0.0045,0,0.2556,0.8298,0.4961,0,-0.151,-0.4726,0.8682,0,0,0.2257,0,1]},
{"frame":61,"values":[0.9557,-0.2943,0.0079,0,0.2532,0.8354,0.4879,0,-0.1502,-0.4642,0.8729,0,0,0.2257,0,1]},
{"frame":62,"values":[0.9565,-0.2917,0.0113,0,0.2508,0.841,0.4794,0,-0.1493,-0.4557,0.8775,0,0,0.2257,0,1]},
{"frame":63,"values":[0.9573,-0.2889,0.0147,0,0.2483,0.8466,0.4707,0,-0.1485,-0.447,0.8821,0,0,0.2257,0,1]},
{"frame":64,"values":[0.9581,-0.286,0.0181,0,0.2457,0.8523,0.4618,0,-0.1475,-0.438,0.8868,0,0,0.2257,0,1]},
{"frame":65,"values":[0.9589,-0.283,0.0216,0,0.243,0.8579,0.4527,0,-0.1466,-0.4289,0.8914,0,0,0.2257,0,1]},
{"frame":66,"values":[0.9597,-0.2798,0.025,0,0.2403,0.8635,0.4434,0,-0.1456,-0.4195,0.896,0,0,0.2257,0,1]},
{"frame":67,"values":[0.9606,-0.2766,0.0283,0,0.2375,0.8692,0.4338,0,-0.1446,-0.4099,0.9006,0,0,0.2257,0,1]},
{"frame":68,"values":[0.9614,-0.2732,0.0317,0,0.2346,0.8748,0.424,0,-0.1436,-0.4002,0.9051,0,0,0.2257,0,1]},
{"frame":69,"values":[0.9623,-0.2697,0.0351,0,0.2317,0.8803,0.4139,0,-0.1425,-0.3902,0.9096,0,0,0.2257,0,1]},
{"frame":70,"values":[0.9632,-0.2661,0.0384,0,0.2287,0.8859,0.4037,0,-0.1414,-0.38,0.9141,0,0,0.2257,0,1]},
{"frame":71,"values":[0.9641,-0.2624,0.0417,0,0.2256,0.8913,0.3932,0,-0.1403,-0.3697,0.9185,0,0,0.2257,0,1]},
{"frame":72,"values":[0.965,-0.2585,0.0449,0,0.2224,0.8968,0.3825,0,-0.1392,-0.3591,0.9229,0,0,0.2257,0,1]},
{"frame":73,"values":[0.9659,-0.2545,0.0482,0,0.2192,0.9022,0.3716,0,-0.138,-0.3483,0.9272,0,0,0.2257,0,1]},
{"frame":74,"values":[0.9668,-0.2504,0.0513,0,0.2159,0.9075,0.3604,0,-0.1368,-0.3373,0.9314,0,0,0.2257,0,1]},
{"frame":75,"values":[0.9677,-0.2462,0.0545,0,0.2125,0.9127,0.349,0,-0.1356,-0.3262,0.9355,0,0,0.2257,0,1]},
{"frame":76,"values":[0.9686,-0.2418,0.0576,0,0.2091,0.9178,0.3374,0,-0.1344,-0.3148,0.9396,0,0,0.2257,0,1]},
{"frame":77,"values":[0.9695,-0.2373,0.0606,0,0.2055,0.9229,0.3256,0,-0.1332,-0.3032,0.9436,0,0,0.2257,0,1]},
{"frame":78,"values":[0.9705,-0.2327,0.0636,0,0.2019,0.9278,0.3136,0,-0.132,-0.2915,0.9474,0,0,0.2257,0,1]},
{"frame":79,"values":[0.9714,-0.228,0.0665,0,0.1982,0.9327,0.3013,0,-0.1307,-0.2795,0.9512,0,0,0.2257,0,1]},
{"frame":80,"values":[0.9723,-0.2231,0.0693,0,0.1945,0.9374,0.2888,0,-0.1294,-0.2674,0.9549,0,0,0.2257,0,1]},
{"frame":81,"values":[0.9733,-0.2181,0.0721,0,0.1906,0.942,0.2762,0,-0.1282,-0.255,0.9584,0,0,0.2257,0,1]},
{"frame":82,"values":[0.9742,-0.213,0.0748,0,0.1867,0.9465,0.2633,0,-0.1269,-0.2425,0.9618,0,0,0.2257,0,1]},
{"frame":83,"values":[0.9751,-0.2078,0.0774,0,0.1827,0.9508,0.2502,0,-0.1256,-0.2298,0.9651,0,0,0.2257,0,1]},
{"frame":84,"values":[0.976,-0.2024,0.08,0,0.1787,0.955,0.2369,0,-0.1243,-0.2169,0.9682,0,0,0.2257,0,1]},
{"frame":85,"values":[0.9769,-0.197,0.0824,0,0.1745,0.959,0.2234,0,-0.1231,-0.2038,0.9712,0,0,0.2257,0,1]},
{"frame":86,"values":[0.9778,-0.1914,0.0848,0,0.1703,0.9628,0.2097,0,-0.1218,-0.1906,0.9741,0,0,0.2257,0,1]},
{"frame":87,"values":[0.9787,-0.1857,0.0871,0,0.166,0.9665,0.1958,0,-0.1205,-0.1772,0.9768,0,0,0.2257,0,1]},
{"frame":88,"values":[0.9796,-0.1799,0.0892,0,0.1616,0.97,0.1817,0,-0.1193,-0.1636,0.9793,0,0,0.2257,0,1]},
{"frame":89,"values":[0.9805,-0.174,0.0913,0,0.1571,0.9733,0.1675,0,-0.118,-0.1499,0.9816,0,0,0.2257,0,1]},
{"frame":90,"values":[0.9814,-0.168,0.0933,0,0.1526,0.9764,0.1531,0,-0.1168,-0.136,0.9838,0,0,0.2257,0,1]},
{"frame":91,"values":[0.9822,-0.1618,0.0951,0,0.1479,0.9793,0.1385,0,-0.1156,-0.1219,0.9858,0,0,0.2257,0,1]},
{"frame":92,"values":[0.9831,-0.1556,0.0969,0,0.1432,0.9819,0.1237,0,-0.1144,-0.1077,0.9876,0,0,0.2257,0,1]},
{"frame":93,"values":[0.9839,-0.1493,0.0985,0,0.1385,0.9844,0.1087,0,-0.1132,-0.0933,0.9892,0,0,0.2257,0,1]},
{"frame":94,"values":[0.9847,-0.1428,0.1,0,0.1336,0.9866,0.0936,0,-0.112,-0.0788,0.9906,0,0,0.2257,0,1]},
{"frame":95,"values":[0.9855,-0.1363,0.1014,0,0.1287,0.9886,0.0784,0,-0.1109,-0.0642,0.9918,0,0,0.2257,0,1]},
{"frame":96,"values":[0.9862,-0.1297,0.1026,0,0.1237,0.9903,0.063,0,-0.1098,-0.0494,0.9927,0,0,0.2257,0,1]},
{"frame":97,"values":[0.987,-0.123,0.1038,0,0.1186,0.9918,0.0474,0,-0.1088,-0.0345,0.9935,0,0,0.2257,0,1]},
{"frame":98,"values":[0.9877,-0.1162,0.1048,0,0.1134,0.993,0.0318,0,-0.1077,-0.0195,0.994,0,0,0.2257,0,1]},
{"frame":99,"values":[0.9884,-0.1093,0.1056,0,0.1082,0.994,0.016,0,-0.1067,-0.0044,0.9943,0,0,0.2257,0,1]},
{"frame":100,"values":[0.9891,-0.1023,0.1063,0,0.1029,0.9947,0.0001,0,-0.1058,0.0109,0.9943,0,0,0.2257,0,1]},
{"frame":101,"values":[0.9897,-0.0947,0.1069,0,0.0971,0.9951,-0.017,0,-0.1048,0.0272,0.9941,0,0,0.2257,0,1]},
{"frame":102,"values":[0.9905,-0.0859,0.1075,0,0.0903,0.9953,-0.0362,0,-0.1039,0.0456,0.9935,0,0,0.2257,0,1]},
{"frame":103,"values":[0.9913,-0.076,0.1079,0,0.0826,0.9949,-0.0575,0,-0.103,0.0659,0.9925,0,0,0.2257,0,1]},
{"frame":104,"values":[0.992,-0.0649,0.1081,0,0.0738,0.994,-0.081,0,-0.1022,0.0883,0.9908,0,0,0.2257,0,1]},
{"frame":105,"values":[0.9928,-0.0526,0.108,0,0.0642,0.9922,-0.1065,0,-0.1016,0.1127,0.9884,0,0,0.2257,0,1]},
{"frame":106,"values":[0.9934,-0.0393,0.1076,0,0.0536,0.9895,-0.134,0,-0.1012,0.1389,0.9851,0,0,0.2257,0,1]},
{"frame":107,"values":[0.994,-0.0248,0.1067,0,0.0421,0.9857,-0.1633,0,-0.1011,0.1668,0.9808,0,0,0.2257,0,1]},
{"frame":108,"values":[0.9944,-0.0094,0.1053,0,0.0299,0.9805,-0.1942,0,-0.1014,0.1962,0.9753,0,0,0.2257,0,1]},
{"frame":109,"values":[0.9946,0.0068,0.1032,0,0.0169,0.9739,-0.2264,0,-0.1021,0.2269,0.9685,0,0,0.2257,0,1]},
{"frame":110,"values":[0.9947,0.0237,0.1005,0,0.0032,0.9657,-0.2597,0,-0.1032,0.2587,0.9604,0,0,0.2257,0,1]},
{"frame":111,"values":[0.9944,0.0411,0.0972,0,-0.0108,0.9558,-0.2937,0,-0.1049,0.291,0.9509,0,0,0.2257,0,1]},
{"frame":112,"values":[0.9939,0.0589,0.093,0,-0.0252,0.9443,-0.3281,0,-0.1072,0.3237,0.9401,0,0,0.2257,0,1]},
{"frame":113,"values":[0.9931,0.0767,0.0882,0,-0.0397,0.9312,-0.3623,0,-0.11,0.3563,0.9279,0,0,0.2257,0,1]},
{"frame":114,"values":[0.9921,0.0944,0.0827,0,-0.0542,0.9166,-0.396,0,-0.1133,0.3884,0.9145,0,0,0.2257,0,1]},
{"frame":115,"values":[0.9908,0.1118,0.0767,0,-0.0685,0.9008,-0.4288,0,-0.117,0.4196,0.9001,0,0,0.2257,0,1]},
{"frame":116,"values":[0.9892,0.1286,0.0701,0,-0.0823,0.8839,-0.4603,0,-0.1212,0.4496,0.885,0,0,0.2257,0,1]},
{"frame":117,"values":[0.9875,0.1447,0.0632,0,-0.0955,0.8664,-0.4902,0,-0.1257,0.478,0.8693,0,0,0.2257,0,1]},
{"frame":118,"values":[0.9856,0.1598,0.0561,0,-0.1081,0.8485,-0.5181,0,-0.1304,0.5045,0.8535,0,0,0.2257,0,1]},
{"frame":119,"values":[0.9836,0.1738,0.0489,0,-0.1197,0.8306,-0.5438,0,-0.1352,0.529,0.8378,0,0,0.2257,0,1]},
{"frame":120,"values":[0.9815,0.1867,0.0419,0,-0.1304,0.8132,-0.5672,0,-0.1399,0.5513,0.8225,0,0,0.2257,0,1]},
{"frame":121,"values":[0.9795,0.1983,0.0351,0,-0.1402,0.7965,-0.5882,0,-0.1446,0.5713,0.8079,0,0,0.2257,0,1]},
{"frame":122,"values":[0.9776,0.2086,0.0287,0,-0.1488,0.7808,-0.6068,0,-0.149,0.5889,0.7943,0,0,0.2257,0,1]},
{"frame":123,"values":[0.9758,0.2176,0.0228,0,-0.1564,0.7665,-0.6229,0,-0.153,0.6042,0.782,0,0,0.2257,0,1]},
{"frame":124,"values":[0.9741,0.2253,0.0176,0,-0.1629,0.7538,-0.6366,0,-0.1567,0.6173,0.771,0,0,0.2257,0,1]},
{"frame":125,"values":[0.9727,0.2318,0.013,0,-0.1683,0.7428,-0.648,0,-0.1599,0.6281,0.7615,0,0,0.2257,0,1]},
{"frame":126,"values":[0.9715,0.237,0.0092,0,-0.1727,0.7337,-0.6572,0,-0.1625,0.6368,0.7537,0,0,0.2257,0,1]},
{"frame":127,"values":[0.9705,0.2409,0.0063,0,-0.1761,0.7266,-0.6641,0,-0.1646,0.6435,0.7476,0,0,0.2257,0,1]},
{"frame":128,"values":[0.9698,0.2437,0.0042,0,-0.1784,0.7215,-0.669,0,-0.1661,0.6481,0.7432,0,0,0.2257,0,1]},
{"frame":129,"values":[0.9694,0.2454,0.0029,0,-0.1798,0.7185,-0.6719,0,-0.167,0.6509,0.7406,0,0,0.2257,0,1]},
{"frame":130,"values":[0.9693,0.2459,0.0025,0,-0.1803,0.7174,-0.6729,0,-0.1673,0.6518,0.7398,0,0,0.2257,0,1]},
{"frame":141,"values":[0.9695,0.245,0.0032,0,-0.1795,0.7191,-0.6713,0,-0.1668,0.6503,0.7412,0,0,0.2257,0,1]},
{"frame":142,"values":[0.9702,0.2422,0.0053,0,-0.1772,0.7241,-0.6665,0,-0.1653,0.6457,0.7454,0,0,0.2257,0,1]},
{"frame":143,"values":[0.9713,0.2375,0.0088,0,-0.1731,0.7325,-0.6584,0,-0.1628,0.638,0.7526,0,0,0.2257,0,1]},
{"frame":144,"values":[0.9729,0.2307,0.0137,0,-0.1674,0.7442,-0.6466,0,-0.1594,0.6268,0.7627,0,0,0.2257,0,1]},
{"frame":145,"values":[0.9749,0.2218,0.0199,0,-0.1599,0.7591,-0.631,0,-0.155,0.612,0.7755,0,0,0.2257,0,1]},
{"frame":146,"values":[0.9772,0.2107,0.0272,0,-0.1505,0.7769,-0.6114,0,-0.1499,0.5934,0.7908,0,0,0.2257,0,1]},
{"frame":147,"values":[0.9797,0.1973,0.0355,0,-0.1392,0.797,-0.5877,0,-0.1442,0.5708,0.8083,0,0,0.2257,0,1]},
{"frame":148,"values":[0.9823,0.1817,0.0444,0,-0.1262,0.819,-0.5598,0,-0.1381,0.5443,0.8275,0,0,0.2257,0,1]},
{"frame":149,"values":[0.985,0.164,0.0537,0,-0.1115,0.8421,-0.5277,0,-0.1318,0.5138,0.8477,0,0,0.2257,0,1]},
{"frame":150,"values":[0.9875,0.1445,0.063,0,-0.0952,0.8655,-0.4919,0,-0.1256,0.4797,0.8684,0,0,0.2257,0,1]},
{"frame":151,"values":[0.9898,0.1232,0.072,0,-0.0777,0.8883,-0.4526,0,-0.1198,0.4423,0.8888,0,0,0.2257,0,1]},
{"frame":152,"values":[0.9917,0.1008,0.0804,0,-0.0592,0.91,-0.4105,0,-0.1145,0.4023,0.9083,0,0,0.2257,0,1]},
{"frame":153,"values":[0.9931,0.0775,0.0878,0,-0.0402,0.9296,-0.3663,0,-0.11,0.3602,0.9264,0,0,0.2257,0,1]},
{"frame":154,"values":[0.9941,0.0539,0.0941,0,-0.021,0.9469,-0.3209,0,-0.1064,0.317,0.9424,0,0,0.2257,0,1]},
{"frame":155,"values":[0.9946,0.0304,0.0992,0,-0.002,0.9614,-0.2751,0,-0.1037,0.2734,0.9563,0,0,0.2257,0,1]},
{"frame":156,"values":[0.9947,0.0075,0.103,0,0.0165,0.9731,-0.2298,0,-0.102,0.2303,0.9678,0,0,0.2257,0,1]},
{"frame":157,"values":[0.9943,-0.0145,0.1057,0,0.034,0.982,-0.1857,0,-0.1011,0.1882,0.9769,0,0,0.2257,0,1]},
{"frame":158,"values":[0.9936,-0.0352,0.1073,0,0.0505,0.9884,-0.1434,0,-0.101,0.1479,0.9838,0,0,0.2257,0,1]},
{"frame":159,"values":[0.9927,-0.0545,0.108,0,0.0657,0.9925,-0.1034,0,-0.1016,0.1097,0.9888,0,0,0.2257,0,1]},
{"frame":160,"values":[0.9915,-0.0721,0.108,0,0.0795,0.9946,-0.066,0,-0.1026,0.0741,0.992,0,0,0.2257,0,1]},
{"frame":161,"values":[0.9903,-0.0881,0.1074,0,0.0919,0.9953,-0.0315,0,-0.1041,0.0411,0.9937,0,0,0.2257,0,1]},
{"frame":162,"values":[0.9891,-0.1023,0.1063,0,0.1029,0.9947,0.0001,0,-0.1058,0.0109,0.9943,0,0,0.2257,0,1]},
{"frame":163,"values":[0.9877,-0.1158,0.1047,0,0.1132,0.9931,0.0308,0,-0.1075,-0.0185,0.994,0,0,0.2257,0,1]},
{"frame":164,"values":[0.9863,-0.1296,0.1021,0,0.1236,0.9903,0.0627,0,-0.1092,-0.0492,0.9928,0,0,0.2257,0,1]},
{"frame":165,"values":[0.9847,-0.1436,0.0985,0,0.1342,0.9863,0.0958,0,-0.1109,-0.0811,0.9905,0,0,0.2257,0,1]},
{"frame":166,"values":[0.983,-0.1577,0.0939,0,0.145,0.9809,0.13,0,-0.1127,-0.1142,0.9871,0,0,0.2257,0,1]},
{"frame":167,"values":[0.9811,-0.1719,0.0883,0,0.1558,0.9739,0.1651,0,-0.1144,-0.1482,0.9823,0,0,0.2257,0,1]},
{"frame":168,"values":[0.9791,-0.1861,0.0817,0,0.1667,0.9653,0.2009,0,-0.1162,-0.1831,0.9762,0,0,0.2257,0,1]},
{"frame":169,"values":[0.977,-0.2001,0.074,0,0.1776,0.9551,0.2373,0,-0.1181,-0.2187,0.9686,0,0,0.2257,0,1]},
{"frame":170,"values":[0.9747,-0.2138,0.0653,0,0.1885,0.9431,0.2739,0,-0.1202,-0.2546,0.9595,0,0,0.2257,0,1]},
{"frame":171,"values":[0.9723,-0.2271,0.0557,0,0.1994,0.9295,0.3104,0,-0.1223,-0.2907,0.949,0,0,0.2257,0,1]},
{"frame":172,"values":[0.9697,-0.24,0.0452,0,0.21,0.9142,0.3467,0,-0.1245,-0.3267,0.9369,0,0,0.2257,0,1]},
{"frame":173,"values":[0.9671,-0.2521,0.034,0,0.2205,0.8974,0.3822,0,-0.1269,-0.3621,0.9235,0,0,0.2257,0,1]},
{"frame":174,"values":[0.9644,-0.2635,0.0223,0,0.2306,0.8793,0.4166,0,-0.1293,-0.3967,0.9088,0,0,0.2257,0,1]},
{"frame":175,"values":[0.9617,-0.274,0.0101,0,0.2404,0.8602,0.4497,0,-0.1319,-0.4301,0.8931,0,0,0.2257,0,1]},
{"frame":176,"values":[0.9589,-0.2836,-0.0023,0,0.2497,0.8403,0.4812,0,-0.1345,-0.462,0.8766,0,0,0.2257,0,1]},
{"frame":177,"values":[0.9562,-0.2923,-0.0147,0,0.2585,0.82,0.5106,0,-0.1372,-0.4921,0.8597,0,0,0.2257,0,1]},
{"frame":178,"values":[0.9536,-0.2999,-0.0269,0,0.2667,0.7997,0.5379,0,-0.1398,-0.5201,0.8426,0,0,0.2257,0,1]},
{"frame":179,"values":[0.9511,-0.3066,-0.0387,0,0.2743,0.7797,0.5629,0,-0.1424,-0.5459,0.8256,0,0,0.2257,0,1]},
{"frame":180,"values":[0.9487,-0.3123,-0.0499,0,0.2812,0.7604,0.5854,0,-0.1449,-0.5694,0.8092,0,0,0.2257,0,1]},
{"frame":181,"values":[0.9464,-0.3172,-0.0604,0,0.2874,0.7422,0.6055,0,-0.1472,-0.5904,0.7936,0,0,0.2257,0,1]},
{"frame":182,"values":[0.9444,-0.3212,-0.07,0,0.2929,0.7253,0.6231,0,-0.1494,-0.6089,0.779,0,0,0.2257,0,1]},
{"frame":183,"values":[0.9426,-0.3245,-0.0786,0,0.2976,0.71,0.6383,0,-0.1513,-0.625,0.7658,0,0,0.2257,0,1]},
{"frame":184,"values":[0.941,-0.3272,-0.0861,0,0.3017,0.6964,0.6511,0,-0.153,-0.6387,0.7541,0,0,0.2257,0,1]},
{"frame":185,"values":[0.9397,-0.3292,-0.0925,0,0.3051,0.6849,0.6617,0,-0.1545,-0.65,0.7441,0,0,0.2257,0,1]},
{"frame":186,"values":[0.9386,-0.3308,-0.0978,0,0.3079,0.6754,0.6701,0,-0.1556,-0.6591,0.7358,0,0,0.2257,0,1]},
{"frame":187,"values":[0.9378,-0.332,-0.1018,0,0.3099,0.668,0.6765,0,-0.1566,-0.666,0.7294,0,0,0.2257,0,1]},
{"frame":188,"values":[0.9372,-0.3327,-0.1047,0,0.3114,0.6628,0.681,0,-0.1572,-0.6708,0.7248,0,0,0.2257,0,1]},
{"frame":189,"values":[0.9368,-0.3332,-0.1064,0,0.3123,0.6597,0.6836,0,-0.1576,-0.6736,0.7221,0,0,0.2257,0,1]},
{"frame":190,"values":[0.9367,-0.3333,-0.107,0,0.3125,0.6587,0.6844,0,-0.1577,-0.6746,0.7212,0,0,0.2257,0,1]}],"loopBehavior":1,"name":"anim","property":"_matrix"}},
{"name":"LowerArm-R","index":10,"matrix":[0.6458,-0.0778,-0.7596,0,0.1497,0.9884,0.0261,0,0.7487,-0.1305,0.6499,0,0,0.2381,0,1],"rest":[0.6461,-0.1465,-0.749,0,0.0451,0.987,-0.1542,0,0.7619,0.0659,0.6443,0,0,0.2381,0,1],"parentBoneIndex":9,"length":0.1892
,"animation":{"dataType":3,"framePerSecond":24,"keys":[
{"frame":1,"values":[0.6481,-0.0461,-0.7602,0,0.1289,0.9904,0.0498,0,0.7506,-0.1303,0.6478,0,0,0.2381,0,1]},
{"frame":2,"values":[0.648,-0.0462,-0.7602,0,0.129,0.9904,0.0497,0,0.7506,-0.1303,0.6478,0,0,0.2381,0,1]},
{"frame":3,"values":[0.648,-0.0466,-0.7602,0,0.1293,0.9904,0.0494,0,0.7506,-0.1303,0.6478,0,0,0.2381,0,1]},
{"frame":4,"values":[0.648,-0.0473,-0.7602,0,0.1297,0.9903,0.0489,0,0.7505,-0.1303,0.6479,0,0,0.2381,0,1]},
{"frame":5,"values":[0.6479,-0.0483,-0.7602,0,0.1304,0.9903,0.0482,0,0.7505,-0.1303,0.6479,0,0,0.2381,0,1]},
{"frame":6,"values":[0.6479,-0.0496,-0.7601,0,0.1312,0.9902,0.0472,0,0.7504,-0.1303,0.648,0,0,0.2381,0,1]},
{"frame":7,"values":[0.6478,-0.0511,-0.7601,0,0.1322,0.9902,0.0461,0,0.7503,-0.1303,0.6481,0,0,0.2381,0,1]},
{"frame":8,"values":[0.6476,-0.0529,-0.7601,0,0.1334,0.9901,0.0447,0,0.7502,-0.1303,0.6483,0,0,0.2381,0,1]},
{"frame":9,"values":[0.6475,-0.055,-0.7601,0,0.1348,0.9899,0.0431,0,0.75,-0.1304,0.6484,0,0,0.2381,0,1]},
{"frame":10,"values":[0.6474,-0.0574,-0.76,0,0.1363,0.9898,0.0413,0,0.7499,-0.1304,0.6486,0,0,0.2381,0,1]},
{"frame":11,"values":[0.6472,-0.0601,-0.76,0,0.1381,0.9896,0.0393,0,0.7497,-0.1304,0.6488,0,0,0.2381,0,1]},
{"frame":12,"values":[0.647,-0.0631,-0.7599,0,0.14,0.9895,0.0371,0,0.7496,-0.1304,0.649,0,0,0.2381,0,1]},
{"frame":13,"values":[0.6467,-0.0663,-0.7598,0,0.1422,0.9892,0.0347,0,0.7494,-0.1304,0.6492,0,0,0.2381,0,1]},
{"frame":14,"values":[0.6464,-0.0698,-0.7598,0,0.1445,0.989,0.032,0,0.7492,-0.1305,0.6494,0,0,0.2381,0,1]},
{"frame":15,"values":[0.6461,-0.0737,-0.7597,0,0.147,0.9887,0.0291,0,0.7489,-0.1305,0.6497,0,0,0.2381,0,1]},
{"frame":16,"values":[0.6458,-0.0778,-0.7596,0,0.1497,0.9884,0.0261,0,0.7487,-0.1305,0.6499,0,0,0.2381,0,1]},
{"frame":17,"values":[0.6454,-0.0821,-0.7594,0,0.1525,0.988,0.0228,0,0.7485,-0.1305,0.6502,0,0,0.2381,0,1]},
{"frame":18,"values":[0.645,-0.0868,-0.7593,0,0.1556,0.9876,0.0192,0,0.7482,-0.1305,0.6505,0,0,0.2381,0,1]},
{"frame":19,"values":[0.6445,-0.0918,-0.7591,0,0.1588,0.9872,0.0155,0,0.7479,-0.1306,0.6508,0,0,0.2381,0,1]},
{"frame":20,"values":[0.644,-0.097,-0.7589,0,0.1623,0.9867,0.0116,0,0.7477,-0.1306,0.6511,0,0,0.2381,0,1]},
{"frame":21,"values":[0.6434,-0.1025,-0.7587,0,0.1659,0.9861,0.0074,0,0.7474,-0.1306,0.6515,0,0,0.2381,0,1]},
{"frame":22,"values":[0.6428,-0.1083,-0.7584,0,0.1696,0.9855,0.0031,0,0.7471,-0.1306,0.6518,0,0,0.2381,0,1]},
{"frame":23,"values":[0.6421,-0.1143,-0.7581,0,0.1736,0.9848,-0.0015,0,0.7467,-0.1307,0.6521,0,0,0.2381,0,1]},
{"frame":24,"values":[0.6413,-0.1206,-0.7578,0,0.1777,0.9841,-0.0062,0,0.7464,-0.1307,0.6525,0,0,0.2381,0,1]},
{"frame":25,"values":[0.6405,-0.1272,-0.7574,0,0.182,0.9832,-0.0112,0,0.7461,-0.1307,0.6529,0,0,0.2381,0,1]},
{"frame":26,"values":[0.6396,-0.134,-0.757,0,0.1865,0.9823,-0.0163,0,0.7458,-0.1307,0.6533,0,0,0.2381,0,1]},
{"frame":27,"values":[0.6386,-0.1411,-0.7565,0,0.1911,0.9813,-0.0217,0,0.7454,-0.1307,0.6536,0,0,0.2381,0,1]},
{"frame":28,"values":[0.6376,-0.1484,-0.756,0,0.1959,0.9803,-0.0272,0,0.7451,-0.1308,0.654,0,0,0.2381,0,1]},
{"frame":29,"values":[0.6364,-0.1559,-0.7554,0,0.2008,0.9791,-0.0329,0,0.7447,-0.1308,0.6544,0,0,0.2381,0,1]},
{"frame":30,"values":[0.6352,-0.1637,-0.7548,0,0.2059,0.9778,-0.0388,0,0.7444,-0.1308,0.6548,0,0,0.2381,0,1]},
{"frame":31,"values":[0.6339,-0.1717,-0.7541,0,0.2111,0.9764,-0.0449,0,0.744,-0.1308,0.6552,0,0,0.2381,0,1]},
{"frame":32,"values":[0.6325,-0.1799,-0.7534,0,0.2165,0.9749,-0.0511,0,0.7437,-0.1308,0.6556,0,0,0.2381,0,1]},
{"frame":33,"values":[0.631,-0.1884,-0.7526,0,0.222,0.9734,-0.0575,0,0.7433,-0.1308,0.656,0,0,0.2381,0,1]},
{"frame":34,"values":[0.6294,-0.197,-0.7517,0,0.2276,0.9716,-0.064,0,0.743,-0.1308,0.6564,0,0,0.2381,0,1]},
{"frame":35,"values":[0.6277,-0.2058,-0.7507,0,0.2334,0.9698,-0.0707,0,0.7426,-0.1308,0.6568,0,0,0.2381,0,1]},
{"frame":36,"values":[0.6259,-0.2148,-0.7497,0,0.2392,0.9679,-0.0776,0,0.7423,-0.1308,0.6572,0,0,0.2381,0,1]},
{"frame":37,"values":[0.624,-0.224,-0.7486,0,0.2452,0.9658,-0.0845,0,0.742,-0.1308,0.6576,0,0,0.2381,0,1]},
