{"producer":{"name":"Blender","version":"2.78 (sub 0)","exporter_version":"5.4.2","file":"character_export.babylon"},
"autoClear":true,"clearColor":[0.0509,0.0509,0.0509],"ambientColor":[0,0,0],"gravity":[0,-9.81,0],
"materials":[],
"multiMaterials":[],
"skeletons":[{"name":"IKis","id":0,"dimensionsAtRest":[1.5248,1.3384,0.4855],"bones":[
{"name":"root","index":0,"matrix":[-1,0,0,0,0,0,1,0,0,-1,0,0,0,0.4221,-0.2232,1],"rest":[-1,0,0,0,0,0,1,0,0,-1,0,0,0,0.4932,-0.3624,1],"parentBoneIndex":-1,"length":0.3624
,"animation":{"dataType":3,"framePerSecond":24,"keys":[
{"frame":1,"values":[-1,0,0,0,0,0,1,0,0,-1,0,0,0,0.4473,-0.2232,1]},
{"frame":2,"values":[-1,0,0,0,0,0,1,0,0,-1,0,0,0,0.4423,-0.2232,1]},
{"frame":3,"values":[-1,0,0,0,0,0,1,0,0,-1,0,0,0,0.4351,-0.2232,1]},
{"frame":4,"values":[-1,0,0,0,0,0,1,0,0,-1,0,0,0,0.4279,-0.2232,1]},
{"frame":5,"values":[-1,0,0,0,0,0,1,0,0,-1,0,0,0,0.4229,-0.2232,1]},
{"frame":6,"values":[-1,0,0,0,0,0,1,0,0,-1,0,0,0,0.4212,-0.2232,1]},
{"frame":7,"values":[-1,0,0,0,0,0,1,0,0,-1,0,0,0,0.4221,-0.2232,1]},
{"frame":8,"values":[-1,0,0,0,0,0,1,0,0,-1,0,0,0,0.4251,-0.2232,1]},
{"frame":9,"values":[-1,0,0,0,0,0,1,0,0,-1,0,0,0,0.43,-0.2232,1]},
{"frame":10,"values":[-1,0,0,0,0,0,1,0,0,-1,0,0,0,0.4366,-0.2232,1]},
{"frame":11,"values":[-1,0,0,0,0,0,1,0,0,-1,0,0,0,0.4444,-0.2232,1]},
{"frame":12,"values":[-1,0,0,0,0,0,1,0,0,-1,0,0,0,0.4524,-0.2232,1]},
{"frame":13,"values":[-1,0,0,0,0,0,1,0,0,-1,0,0,0,0.4601,-0.2232,1]},
{"frame":14,"values":[-1,0,0,0,0,0,1,0,0,-1,0,0,0,0.4668,-0.2232,1]},
{"frame":15,"values":[-1,0,0,0,0,0,1,0,0,-1,0,0,0,0.4722,-0.2232,1]},
{"frame":16,"values":[-1,0,0,0,0,0,1,0,0,-1,0,0,0,0.4773,-0.2227,1]},
{"frame":17,"values":[-1,0,0,0,0,0,1,0,0,-1,0,0,0,0.4827,-0.2213,1]},
{"frame":18,"values":[-1,0,0,0,0,0,1,0,0,-1,0,0,0,0.488,-0.2193,1]},
{"frame":19,"values":[-1,0,0,0,0,0,1,0,0,-1,0,0,0,0.4921,-0.2174,1]},
{"frame":20,"values":[-1,0,0,0,0,0,1,0,0,-1,0,0,0,0.4946,-0.216,1]},
{"frame":21,"values":[-1,0,0,0,0,0,1,0,0,-1,0,0,0,0.4954,-0.2155,1]},
{"frame":22,"values":[-1,0,0,0,0,0,1,0,0,-1,0,0,0,0.4933,-0.216,1]},
{"frame":23,"values":[-1,0,0,0,0,0,1,0,0,-1,0,0,0,0.487,-0.2174,1]},
{"frame":24,"values":[-1,0,0,0,0,0,1,0,0,-1,0,0,0,0.4773,-0.2193,1]},
{"frame":25,"values":[-1,0,0,0,0,0,1,0,0,-1,0,0,0,0.4663,-0.2213,1]},
{"frame":26,"values":[-1,0,0,0,0,0,1,0,0,-1,0,0,0,0.4563,-0.2227,1]},
{"frame":27,"values":[-1,0,0,0,0,0,1,0,0,-1,0,0,0,0.449,-0.2232,1]},
{"frame":28,"values":[-1,0,0,0,0,0,1,0,0,-1,0,0,0,0.4431,-0.2232,1]},
{"frame":29,"values":[-1,0,0,0,0,0,1,0,0,-1,0,0,0,0.4371,-0.2232,1]},
{"frame":30,"values":[-1,0,0,0,0,0,1,0,0,-1,0,0,0,0.4316,-0.2232,1]},
{"frame":31,"values":[-1,0,0,0,0,0,1,0,0,-1,0,0,0,0.4269,-0.2232,1]},
{"frame":32,"values":[-1,0,0,0,0,0,1,0,0,-1,0,0,0,0.4236,-0.2232,1]},
{"frame":33,"values":[-1,0,0,0,0,0,1,0,0,-1,0,0,0,0.4218,-0.2232,1]},
{"frame":34,"values":[-1,0,0,0,0,0,1,0,0,-1,0,0,0,0.4212,-0.2232,1]},
{"frame":35,"values":[-1,0,0,0,0,0,1,0,0,-1,0,0,0,0.4224,-0.2232,1]},
{"frame":36,"values":[-1,0,0,0,0,0,1,0,0,-1,0,0,0,0.4263,-0.2232,1]},
{"frame":37,"values":[-1,0,0,0,0,0,1,0,0,-1,0,0,0,0.4327,-0.2232,1]},
{"frame":38,"values":[-1,0,0,0,0,0,1,0,0,-1,0,0,0,0.441,-0.2232,1]},
{"frame":39,"values":[-1,0,0,0,0,0,1,0,0,-1,0,0,0,0.4501,-0.2232,1]},
{"frame":40,"values":[-1,0,0,0,0,0,1,0,0,-1,0,0,0,0.4589,-0.2232,1]},
{"frame":41,"values":[-1,0,0,0,0,0,1,0,0,-1,0,0,0,0.4664,-0.2232,1]},
{"frame":42,"values":[-1,0,0,0,0,0,1,0,0,-1,0,0,0,0.4722,-0.2232,1]},
{"frame":43,"values":[-1,0,0,0,0,0,1,0,0,-1,0,0,0,0.4771,-0.2229,1]},
{"frame":44,"values":[-1,0,0,0,0,0,1,0,0,-1,0,0,0,0.4821,-0.2218,1]},
{"frame":45,"values":[-1,0,0,0,0,0,1,0,0,-1,0,0,0,0.4867,-0.2202,1]},
{"frame":46,"values":[-1,0,0,0,0,0,1,0,0,-1,0,0,0,0.4905,-0.2185,1]},
{"frame":47,"values":[-1,0,0,0,0,0,1,0,0,-1,0,0,0,0.4933,-0.2169,1]},
{"frame":48,"values":[-1,0,0,0,0,0,1,0,0,-1,0,0,0,0.4949,-0.2158,1]},
{"frame":49,"values":[-1,0,0,0,0,0,1,0,0,-1,0,0,0,0.4954,-0.2155,1]},
{"frame":50,"values":[-1,0,0,0,0,0,1,0,0,-1,0,0,0,0.4926,-0.2159,1]},
{"frame":51,"values":[-1,0,0,0,0,0,1,0,0,-1,0,0,0,0.485,-0.2172,1]},
{"frame":52,"values":[-1,0,0,0,0,0,1,0,0,-1,0,0,0,0.4739,-0.2191,1]},
{"frame":53,"values":[-1,0,0,0,0,0,1,0,0,-1,0,0,0,0.4621,-0.221,1]},
{"frame":54,"values":[-1,0,0,0,0,0,1,0,0,-1,0,0,0,0.4527,-0.2226,1]},
{"frame":55,"values":[-1,0,0,0,0,0,1,0,0,-1,0,0,0,0.449,-0.2232,1]},
{"frame":56,"values":[-1,0,0,0,0,0,1,0,0,-1,0,0,0,0.5398,-0.2232,1]},
{"frame":57,"values":[-1,0,0,0,0,0,1,0,0,-1,0,0,0,0.5355,-0.2232,1]},
{"frame":58,"values":[-1,0,0,0,0,0,1,0,0,-1,0,0,0,0.5247,-0.2232,1]},
{"frame":59,"values":[-1,0,0,0,0,0,1,0,0,-1,0,0,0,0.5111,-0.2232,1]},
{"frame":60,"values":[-1,0,0,0,0,0,1,0,0,-1,0,0,0,0.4984,-0.2232,1]},
{"frame":61,"values":[-1,0,0,0,0,0,1,0,0,-1,0,0,0,0.4895,-0.2232,1]},
{"frame":62,"values":[-1,0,0,0,0,0,1,0,0,-1,0,0,0,0.4864,-0.2232,1]},
{"frame":63,"values":[-1,0,0,0,0,0,1,0,0,-1,0,0,0,0.4897,-0.2232,1]},
{"frame":64,"values":[-1,0,0,0,0,0,1,0,0,-1,0,0,0,0.4993,-0.2232,1]},
{"frame":65,"values":[-1,0,0,0,0,0,1,0,0,-1,0,0,0,0.5131,-0.2232,1]},
{"frame":66,"values":[-1,0,0,0,0,0,1,0,0,-1,0,0,0,0.5269,-0.2232,1]},
{"frame":67,"values":[-1,0,0,0,0,0,1,0,0,-1,0,0,0,0.5365,-0.2232,1]},
{"frame":68,"values":[-1,0,0,0,0,0,1,0,0,-1,0,0,0,0.5398,-0.2232,1]},
{"frame":69,"values":[-1,0,0,0,0,0,1,0,0,-1,0,0,0,0.5365,-0.2232,1]},
{"frame":70,"values":[-1,0,0,0,0,0,1,0,0,-1,0,0,0,0.5269,-0.2232,1]},
{"frame":71,"values":[-1,0,0,0,0,0,1,0,0,-1,0,0,0,0.5131,-0.2232,1]},
{"frame":72,"values":[-1,0,0,0,0,0,1,0,0,-1,0,0,0,0.4993,-0.2232,1]},
{"frame":73,"values":[-1,0,0,0,0,0,1,0,0,-1,0,0,0,0.4897,-0.2232,1]},
{"frame":74,"values":[-1,0,0,0,0,0,1,0,0,-1,0,0,0,0.4864,-0.2232,1]},
{"frame":75,"values":[-1,0,0,0,0,0,1,0,0,-1,0,0,0,0.4897,-0.2232,1]},
{"frame":76,"values":[-1,0,0,0,0,0,1,0,0,-1,0,0,0,0.4993,-0.2232,1]},
{"frame":77,"values":[-1,0,0,0,0,0,1,0,0,-1,0,0,0,0.5131,-0.2232,1]},
{"frame":78,"values":[-1,0,0,0,0,0,1,0,0,-1,0,0,0,0.5269,-0.2232,1]},
{"frame":79,"values":[-1,0,0,0,0,0,1,0,0,-1,0,0,0,0.5365,-0.2232,1]},
{"frame":80,"values":[-1,0,0,0,0,0,1,0,0,-1,0,0,0,0.5398,-0.2232,1]},
{"frame":90,"values":[-1,0,0,0,0,0,1,0,0,-1,0,0,0,0.4473,-0.2232,1]},
{"frame":91,"values":[-1,0,0,0,0,0,1,0,0,-1,0,0,0,0.4473,-0.2232,1]}],"loopBehavior":1,"name":"anim","property":"_matrix"}},
{"name":"Hip-L","index":1,"matrix":[0,1,0,0,0.9986,0,0.0533,0,0.0533,0,-0.9986,0,0,0.3624,0,1],"rest":[0,1,0,0,0.9986,0,0.0533,0,0.0533,0,-0.9986,0,0,0.3624,0,1],"parentBoneIndex":0,"length":0.1335
,"animation":{"dataType":3,"framePerSecond":24,"keys":[
{"frame":1,"values":[0,1,0,0,0.9986,0,0.0533,0,0.0533,0,-0.9986,0,0,0.3624,0,1]},
{"frame":80,"values":[0,1,0,0,0.9986,0,0.0533,0,0.0533,0,-0.9986,0,0,0.3624,0,1]},
{"frame":90,"values":[0,1,0,0,0.9986,0,0.0533,0,0.0533,0,-0.9986,0,0,0.3624,0,1]},
{"frame":91,"values":[0,1,0,0,0.9986,0,0.0533,0,0.0533,0,-0.9986,0,0,0.3624,0,1]}],"loopBehavior":1,"name":"anim","property":"_matrix"}},
{"name":"UpperLeg-L","index":2,"matrix":[0.8043,-0.1841,0.565,0,0.5939,0.2177,-0.7745,0,0.0195,0.9585,0.2845,0,0,0.1335,0,1],"rest":[1,0,0,0,0,0.2152,-0.9766,0,0,0.9766,0.2152,0,0,0.1335,0,1],"parentBoneIndex":1,"length":0.2624
,"animation":{"dataType":3,"framePerSecond":24,"keys":[
{"frame":1,"values":[0.8704,-0.1373,0.4728,0,0.4878,0.11,-0.866,0,0.0669,0.9844,0.1628,0,0,0.1335,0,1]},
{"frame":2,"values":[0.8136,-0.1584,0.5594,0,0.5807,0.1745,-0.7952,0,0.0283,0.9718,0.234,0,0,0.1335,0,1]},
{"frame":3,"values":[0.7706,-0.1807,0.6112,0,0.6371,0.1934,-0.7461,0,0.0166,0.9644,0.2641,0,0,0.1335,0,1]},
{"frame":4,"values":[0.7524,-0.1952,0.6292,0,0.6585,0.1953,-0.7268,0,0.019,0.9611,0.2755,0,0,0.1335,0,1]},
{"frame":5,"values":[0.7565,-0.1986,0.6232,0,0.6537,0.1986,-0.7302,0,0.0213,0.9598,0.28,0,0,0.1335,0,1]},
{"frame":6,"values":[0.7758,-0.1941,0.6004,0,0.6306,0.2063,-0.7482,0,0.0214,0.9591,0.2824,0,0,0.1335,0,1]},
{"frame":7,"values":[0.8043,-0.1841,0.565,0,0.5939,0.2177,-0.7745,0,0.0195,0.9585,0.2845,0,0,0.1335,0,1]},
{"frame":8,"values":[0.839,-0.1704,0.5167,0,0.5438,0.2313,-0.8067,0,0.0179,0.9578,0.2867,0,0,0.1335,0,1]},
{"frame":9,"values":[0.8777,-0.1523,0.4543,0,0.4789,0.2468,-0.8425,0,0.0162,0.957,0.2896,0,0,0.1335,0,1]},
{"frame":10,"values":[0.917,-0.1296,0.3771,0,0.3985,0.2637,-0.8784,0,0.0144,0.9559,0.2935,0,0,0.1335,0,1]},
{"frame":11,"values":[0.9531,-0.1014,0.285,0,0.3023,0.2804,-0.911,0,0.0125,0.9545,0.2979,0,0,0.1335,0,1]},
{"frame":12,"values":[0.9816,-0.0661,0.1792,0,0.1907,0.2942,-0.9365,0,0.0092,0.9535,0.3014,0,0,0.1335,0,1]},
{"frame":13,"values":[0.9978,-0.0267,0.0614,0,0.0666,0.2967,-0.9527,0,0.0072,0.9546,0.2978,0,0,0.1335,0,1]},
{"frame":14,"values":[0.9977,0.0149,-0.0657,0,-0.0672,0.2766,-0.9586,0,0.0039,0.9609,0.277,0,0,0.1335,0,1]},
{"frame":15,"values":[0.9765,0.0575,-0.2077,0,-0.2152,0.2093,-0.9539,0,-0.0114,0.9762,0.2167,0,0,0.1335,0,1]},
{"frame":16,"values":[0.9372,0.088,-0.3376,0,-0.3463,0.1166,-0.9308,0,-0.0425,0.9893,0.1398,0,0,0.1335,0,1]},
{"frame":17,"values":[0.913,0.1,-0.3954,0,-0.4054,0.1148,-0.9069,0,-0.0454,0.9883,0.1453,0,0,0.1335,0,1]},
{"frame":18,"values":[0.8854,0.1061,-0.4525,0,-0.4628,0.1122,-0.8793,0,-0.0426,0.988,0.1485,0,0,0.1335,0,1]},
{"frame":19,"values":[0.8959,0.0975,-0.4334,0,-0.4439,0.1579,-0.8821,0,-0.0176,0.9826,0.1847,0,0,0.1335,0,1]},
{"frame":20,"values":[0.8758,0.1,-0.4722,0,-0.4824,0.15,-0.863,0,-0.0155,0.9836,0.1796,0,0,0.1335,0,1]},
{"frame":21,"values":[0.8145,0.1169,-0.5682,0,-0.5791,0.1061,-0.8083,0,-0.0342,0.9875,0.1541,0,0,0.1335,0,1]},
{"frame":22,"values":[0.7917,0.1282,-0.5973,0,-0.6096,0.1033,-0.7859,0,-0.0391,0.9863,0.16,0,0,0.1335,0,1]},
{"frame":23,"values":[0.7665,0.1424,-0.6262,0,-0.6406,0.1006,-0.7613,0,-0.0454,0.9847,0.1684,0,0,0.1335,0,1]},
{"frame":24,"values":[0.7395,0.1781,-0.6492,0,-0.6698,0.0984,-0.736,0,-0.0672,0.9791,0.192,0,0,0.1335,0,1]},
{"frame":25,"values":[0.7159,0.2028,-0.668,0,-0.6935,0.0968,-0.7139,0,-0.0801,0.9744,0.21,0,0,0.1335,0,1]},
{"frame":26,"values":[0.7,0.2068,-0.6835,0,-0.7098,0.0961,-0.6978,0,-0.0786,0.9737,0.214,0,0,0.1335,0,1]},
{"frame":27,"values":[0.6908,0.2092,-0.6921,0,-0.7189,0.0961,-0.6884,0,-0.0775,0.9731,0.2168,0,0,0.1335,0,1]},
{"frame":28,"values":[0.6847,0.2103,-0.6979,0,-0.7249,0.0967,-0.682,0,-0.0759,0.9728,0.2187,0,0,0.1335,0,1]},
{"frame":29,"values":[0.679,0.2042,-0.7052,0,-0.7309,0.0978,-0.6755,0,-0.069,0.974,0.2156,0,0,0.1335,0,1]},
{"frame":30,"values":[0.7998,0.1675,-0.5765,0,-0.5994,0.1704,-0.7821,0,-0.0328,0.971,0.2367,0,0,0.1335,0,1]},
{"frame":31,"values":[0.8547,0.1334,-0.5017,0,-0.519,0.204,-0.8301,0,-0.0084,0.9698,0.2436,0,0,0.1335,0,1]},
{"frame":32,"values":[0.8859,0.1069,-0.4515,0,-0.4639,0.222,-0.8576,0,0.0086,0.9692,0.2462,0,0,0.1335,0,1]},
{"frame":33,"values":[0.9026,0.0966,-0.4195,0,-0.4303,0.2342,-0.8718,0,0.0141,0.9674,0.253,0,0,0.1335,0,1]},
{"frame":34,"values":[0.9093,0.094,-0.4054,0,-0.4159,0.2412,-0.8768,0,0.0153,0.9659,0.2584,0,0,0.1335,0,1]},
{"frame":35,"values":[0.919,0.091,-0.3837,0,-0.394,0.2489,-0.8848,0,0.0149,0.9642,0.2646,0,0,0.1335,0,1]},
{"frame":36,"values":[0.9411,0.0821,-0.3281,0,-0.338,0.2628,-0.9037,0,0.0121,0.9613,0.2751,0,0,0.1335,0,1]},
{"frame":37,"values":[0.9682,0.0637,-0.242,0,-0.2501,0.2798,-0.9269,0,0.0087,0.9579,0.2868,0,0,0.1335,0,1]},
{"frame":38,"values":[0.9904,0.0327,-0.134,0,-0.1376,0.2953,-0.9455,0,0.0086,0.9549,0.2969,0,0,0.1335,0,1]},
{"frame":39,"values":[0.9998,-0.0104,-0.0189,0,-0.0148,0.3018,-0.9532,0,0.0157,0.9533,0.3016,0,0,0.1335,0,1]},
{"frame":40,"values":[0.9945,-0.0577,0.0869,0,0.1003,0.3016,-0.9481,0,0.0285,0.9517,0.3058,0,0,0.1335,0,1]},
{"frame":41,"values":[0.9812,-0.0843,0.1738,0,0.1916,0.3078,-0.932,0,0.0251,0.9477,0.3182,0,0,0.1335,0,1]},
{"frame":42,"values":[0.9658,-0.1029,0.2379,0,0.2585,0.3142,-0.9135,0,0.0192,0.9438,0.3301,0,0,0.1335,0,1]},
{"frame":43,"values":[0.9447,-0.1224,0.3044,0,0.3279,0.3264,-0.8865,0,0.0092,0.9373,0.3485,0,0,0.1335,0,1]},
{"frame":44,"values":[0.9063,-0.1516,0.3946,0,0.4225,0.3493,-0.8363,0,-0.011,0.9246,0.3807,0,0,0.1335,0,1]},
{"frame":45,"values":[0.8467,-0.1906,0.4968,0,0.5304,0.3748,-0.7604,0,-0.0413,0.9073,0.4184,0,0,0.1335,0,1]},
{"frame":46,"values":[0.7708,-0.2326,0.5931,0,0.6323,0.394,-0.6671,0,-0.0785,0.8892,0.4508,0,0,0.1335,0,1]},
{"frame":47,"values":[0.6953,-0.2682,0.6668,0,0.709,0.4079,-0.5752,0,-0.1177,0.8727,0.4738,0,0,0.1335,0,1]},
{"frame":48,"values":[0.6435,-0.2902,0.7083,0,0.7501,0.4237,-0.5078,0,-0.1528,0.8581,0.4903,0,0,0.1335,0,1]},
{"frame":49,"values":[0.6352,-0.2925,0.7148,0,0.7513,0.4486,-0.484,0,-0.1791,0.8445,0.5047,0,0,0.1335,0,1]},
{"frame":50,"values":[0.6578,-0.2734,0.7018,0,0.7313,0.4551,-0.5081,0,-0.1804,0.8475,0.4993,0,0,0.1335,0,1]},
{"frame":51,"values":[0.6823,-0.2421,0.6898,0,0.7156,0.414,-0.5626,0,-0.1494,0.8775,0.4558,0,0,0.1335,0,1]},
{"frame":52,"values":[0.7127,-0.2096,0.6695,0,0.6944,0.3459,-0.631,0,-0.0993,0.9146,0.392,0,0,0.1335,0,1]},
{"frame":53,"values":[0.7521,-0.1808,0.6337,0,0.657,0.2815,-0.6994,0,-0.0519,0.9424,0.3305,0,0,0.1335,0,1]},
{"frame":54,"values":[0.7956,-0.1579,0.5849,0,0.6059,0.2149,-0.766,0,-0.0047,0.9638,0.2667,0,0,0.1335,0,1]},
{"frame":55,"values":[0.8635,-0.1389,0.4849,0,0.4999,0.1082,-0.8593,0,0.0669,0.9844,0.1629,0,0,0.1335,0,1]},
{"frame":56,"values":[0.33,-0.2222,0.9175,0,0.9368,0.1968,-0.2893,0,-0.1163,0.9549,0.2731,0,0,0.1335,0,1]},
{"frame":57,"values":[0.3854,-0.2168,0.8969,0,0.9152,0.214,-0.3416,0,-0.1179,0.9525,0.2809,0,0,0.1335,0,1]},
{"frame":58,"values":[0.5493,-0.1968,0.8121,0,0.8307,0.2344,-0.505,0,-0.091,0.952,0.2922,0,0,0.1335,0,1]},
{"frame":59,"values":[0.7818,-0.1502,0.6052,0,0.6234,0.2065,-0.7541,0,-0.0117,0.9668,0.2551,0,0,0.1335,0,1]},
{"frame":60,"values":[0.9748,-0.0825,0.2071,0,0.2156,0.1129,-0.9699,0,0.0567,0.9902,0.1279,0,0,0.1335,0,1]},
{"frame":61,"values":[0.9985,-0.0526,0.0138,0,0.0196,0.1104,-0.9937,0,0.0507,0.9925,0.1113,0,0,0.1335,0,1]},
{"frame":62,"values":[0.9896,-0.0258,-0.1415,0,-0.138,0.1087,-0.9845,0,0.0407,0.9937,0.104,0,0,0.1335,0,1]},
{"frame":63,"values":[0.9522,0.0097,-0.3054,0,-0.3046,0.108,-0.9463,0,0.0238,0.9941,0.1058,0,0,0.1335,0,1]},
{"frame":64,"values":[0.8602,0.0764,-0.5041,0,-0.5098,0.1063,-0.8537,0,-0.0117,0.9914,0.1304,0,0,0.1335,0,1]},
{"frame":65,"values":[0.848,0.1563,-0.5065,0,-0.529,0.1906,-0.8269,0,-0.0327,0.9692,0.2443,0,0,0.1335,0,1]},
{"frame":66,"values":[0.7469,0.2381,-0.6209,0,-0.6639,0.2138,-0.7166,0,-0.0379,0.9474,0.3178,0,0,0.1335,0,1]},
{"frame":67,"values":[0.6482,0.2728,-0.7109,0,-0.7611,0.2042,-0.6156,0,-0.0228,0.9401,0.34,0,0,0.1335,0,1]},
{"frame":68,"values":[0.6092,0.2828,-0.7409,0,-0.7929,0.1972,-0.5766,0,-0.0169,0.9387,0.3444,0,0,0.1335,0,1]},
{"frame":69,"values":[0.7092,0.2452,-0.661,0,-0.705,0.239,-0.6677,0,-0.0058,0.9396,0.3424,0,0,0.1335,0,1]},
{"frame":70,"values":[0.8904,0.1382,-0.4337,0,-0.455,0.3003,-0.8384,0,0.0144,0.9438,0.3302,0,0,0.1335,0,1]},
{"frame":71,"values":[0.9982,-0.0157,-0.0585,0,-0.0507,0.3105,-0.9492,0,0.0331,0.9505,0.3091,0,0,0.1335,0,1]},
{"frame":72,"values":[0.9027,-0.1671,0.3965,0,0.4278,0.2494,-0.8688,0,0.0462,0.9539,0.2966,0,0,0.1335,0,1]},
{"frame":73,"values":[0.65,-0.2577,0.7149,0,0.7587,0.1658,-0.63,0,0.0438,0.9519,0.3033,0,0,0.1335,0,1]},
{"frame":74,"values":[0.4588,-0.2889,0.8402,0,0.888,0.1173,-0.4446,0,0.0299,0.9501,0.3104,0,0,0.1335,0,1]},
{"frame":75,"values":[0.3399,-0.2958,0.8928,0,0.9405,0.1009,-0.3246,0,0.006,0.9499,0.3124,0,0,0.1335,0,1]},
{"frame":76,"values":[0.2576,-0.2838,0.9236,0,0.9656,0.111,-0.2352,0,-0.0357,0.9524,0.3027,0,0,0.1335,0,1]},
{"frame":77,"values":[0.2286,-0.2648,0.9368,0,0.9707,0.1357,-0.1985,0,-0.0745,0.9547,0.2881,0,0,0.1335,0,1]},
{"frame":78,"values":[0.252,-0.2445,0.9363,0,0.9622,0.167,-0.2153,0,-0.1038,0.9552,0.2773,0,0,0.1335,0,1]},
{"frame":79,"values":[0.3024,-0.2294,0.9252,0,0.9462,0.1898,-0.2622,0,-0.1154,0.9546,0.2745,0,0,0.1335,0,1]},
{"frame":80,"values":[0.33,-0.2222,0.9175,0,0.9368,0.1968,-0.2893,0,-0.1163,0.9549,0.2731,0,0,0.1335,0,1]},
{"frame":90,"values":[0.8704,-0.1373,0.4728,0,0.4878,0.11,-0.866,0,0.0669,0.9844,0.1628,0,0,0.1335,0,1]},
{"frame":91,"values":[0.8704,-0.1373,0.4728,0,0.4878,0.11,-0.866,0,0.0669,0.9844,0.1628,0,0,0.1335,0,1]}],"loopBehavior":1,"name":"anim","property":"_matrix"}},
{"name":"LowerLeg-L","index":3,"matrix":[0.5005,0.8512,-0.1579,0,-0.8452,0.4409,-0.3022,0,-0.1876,0.2847,0.9401,0,0,0.2624,0,1],"rest":[1,0,0,0,0,0.9988,-0.0485,0,0,0.0485,0.9988,0,0,0.2624,0,1],"parentBoneIndex":2,"length":0.2144
,"animation":{"dataType":3,"framePerSecond":24,"keys":[
{"frame":1,"values":[0.9983,0.0208,0.0549,0,-0.02,0.9997,-0.0157,0,-0.0552,0.0146,0.9984,0,0,0.2624,0,1]},
{"frame":2,"values":[0.9392,0.3429,0.0154,0,-0.3332,0.9215,-0.1998,0,-0.0827,0.1825,0.9797,0,0,0.2624,0,1]},
{"frame":3,"values":[0.8062,0.5899,-0.0448,0,-0.5785,0.7704,-0.2681,0,-0.1236,0.2421,0.9623,0,0,0.2624,0,1]},
{"frame":4,"values":[0.6702,0.7364,-0.0923,0,-0.7265,0.6256,-0.2842,0,-0.1516,0.2575,0.9543,0,0,0.2624,0,1]},
{"frame":5,"values":[0.5728,0.8101,-0.1253,0,-0.8021,0.5225,-0.2892,0,-0.1687,0.2662,0.949,0,0,0.2624,0,1]},
{"frame":6,"values":[0.5206,0.8414,-0.1452,0,-0.8346,0.4656,-0.2944,0,-0.18,0.2745,0.9446,0,0,0.2624,0,1]},
{"frame":7,"values":[0.5005,0.8512,-0.1579,0,-0.8452,0.4409,-0.3022,0,-0.1876,0.2847,0.9401,0,0,0.2624,0,1]},
{"frame":8,"values":[0.5038,0.8476,-0.1667,0,-0.8423,0.4393,-0.3123,0,-0.1914,0.2978,0.9353,0,0,0.2624,0,1]},
{"frame":9,"values":[0.5322,0.8291,-0.1713,0,-0.8249,0.4622,-0.3255,0,-0.1907,0.3145,0.9299,0,0,0.2624,0,1]},
{"frame":10,"values":[0.5845,0.7931,-0.171,0,-0.7901,0.5085,-0.3424,0,-0.1846,0.3352,0.9239,0,0,0.2624,0,1]},
{"frame":11,"values":[0.6581,0.7348,-0.1644,0,-0.7333,0.5758,-0.3616,0,-0.171,0.3585,0.9177,0,0,0.2624,0,1]},
{"frame":12,"values":[0.7456,0.6493,-0.1498,0,-0.6499,0.659,-0.3786,0,-0.1471,0.3796,0.9134,0,0,0.2624,0,1]},
{"frame":13,"values":[0.8362,0.5343,-0.1233,0,-0.5371,0.7529,-0.3802,0,-0.1103,0.3842,0.9166,0,0,0.2624,0,1]},
{"frame":14,"values":[0.9177,0.3883,-0.0845,0,-0.3927,0.8535,-0.3427,0,-0.0609,0.3476,0.9356,0,0,0.2624,0,1]},
{"frame":15,"values":[0.9805,0.1927,-0.038,0,-0.1964,0.9579,-0.2095,0,-0.004,0.2129,0.9771,0,0,0.2624,0,1]},
{"frame":16,"values":[0.9996,0.0165,-0.0231,0,-0.0169,0.9997,-0.0194,0,0.0228,0.0198,0.9995,0,0,0.2624,0,1]},
{"frame":17,"values":[0.9993,0.0186,-0.0322,0,-0.0192,0.9997,-0.0181,0,0.0318,0.0188,0.9993,0,0,0.2624,0,1]},
{"frame":18,"values":[0.9989,0.0203,-0.0431,0,-0.0209,0.9997,-0.0145,0,0.0428,0.0154,0.999,0,0,0.2624,0,1]},
{"frame":19,"values":[0.9804,0.1867,-0.0629,0,-0.1923,0.9761,-0.1007,0,0.0426,0.1109,0.9929,0,0,0.2624,0,1]},
{"frame":20,"values":[0.9797,0.1881,-0.0696,0,-0.1937,0.9773,-0.0853,0,0.052,0.097,0.9939,0,0,0.2624,0,1]},
{"frame":21,"values":[0.9975,0.023,-0.0667,0,-0.0237,0.9997,-0.0098,0,0.0664,0.0113,0.9977,0,0,0.2624,0,1]},
{"frame":22,"values":[0.9971,0.0223,-0.0723,0,-0.023,0.9997,-0.0087,0,0.0721,0.0103,0.9973,0,0,0.2624,0,1]},
{"frame":23,"values":[0.9964,0.0226,-0.0811,0,-0.0233,0.9997,-0.0074,0,0.0809,0.0093,0.9967,0,0,0.2624,0,1]},
{"frame":24,"values":[0.9951,0.0223,-0.096,0,-0.023,0.9997,-0.006,0,0.0959,0.0082,0.9954,0,0,0.2624,0,1]},
{"frame":25,"values":[0.9938,0.022,-0.1092,0,-0.0227,0.9997,-0.0052,0,0.109,0.0077,0.994,0,0,0.2624,0,1]},
{"frame":26,"values":[0.9932,0.0224,-0.1141,0,-0.0231,0.9997,-0.0049,0,0.114,0.0075,0.9935,0,0,0.2624,0,1]},
{"frame":27,"values":[0.9928,0.0222,-0.1179,0,-0.023,0.9997,-0.0049,0,0.1177,0.0076,0.993,0,0,0.2624,0,1]},
{"frame":28,"values":[0.9922,0.0223,-0.1224,0,-0.023,0.9997,-0.0048,0,0.1223,0.0076,0.9925,0,0,0.2624,0,1]},
{"frame":29,"values":[0.9917,0.0223,-0.1267,0,-0.0231,0.9997,-0.0048,0,0.1266,0.0077,0.9919,0,0,0.2624,0,1]},
{"frame":30,"values":[0.9,0.4095,-0.1493,0,-0.4246,0.9012,-0.0873,0,0.0988,0.142,0.9849,0,0,0.2624,0,1]},
{"frame":31,"values":[0.7865,0.5924,-0.1748,0,-0.6146,0.7785,-0.1269,0,0.0609,0.2072,0.9764,0,0,0.2624,0,1]},
{"frame":32,"values":[0.6954,0.6919,-0.1944,0,-0.7181,0.6798,-0.1492,0,0.0289,0.2433,0.9695,0,0,0.2624,0,1]},
{"frame":33,"values":[0.6374,0.7412,-0.2107,0,-0.7705,0.6166,-0.1619,0,0.0099,0.2655,0.9641,0,0,0.2624,0,1]},
{"frame":34,"values":[0.6141,0.758,-0.2197,0,-0.7892,0.5903,-0.1695,0,0.0012,0.2774,0.9607,0,0,0.2624,0,1]},
{"frame":35,"values":[0.5941,0.7718,-0.2266,0,-0.8044,0.5666,-0.1787,0,-0.0095,0.2884,0.9575,0,0,0.2624,0,1]},
{"frame":36,"values":[0.5493,0.8016,-0.2359,0,-0.8349,0.515,-0.1943,0,-0.0343,0.3037,0.9522,0,0,0.2624,0,1]},
{"frame":37,"values":[0.4911,0.8351,-0.2477,0,-0.8682,0.4462,-0.2169,0,-0.0706,0.3216,0.9443,0,0,0.2624,0,1]},
{"frame":38,"values":[0.4384,0.8605,-0.2595,0,-0.8915,0.3795,-0.2475,0,-0.1145,0.3398,0.9335,0,0,0.2624,0,1]},
{"frame":39,"values":[0.4083,0.8733,-0.2657,0,-0.8994,0.3351,-0.2807,0,-0.156,0.3536,0.9223,0,0,0.2624,0,1]},
{"frame":40,"values":[0.4093,0.8726,-0.2663,0,-0.8924,0.3221,-0.3161,0,-0.1901,0.367,0.9106,0,0,0.2624,0,1]},
{"frame":41,"values":[0.4376,0.8585,-0.2673,0,-0.8739,0.3361,-0.3511,0,-0.2116,0.3872,0.8974,0,0,0.2624,0,1]},
{"frame":42,"values":[0.4784,0.8372,-0.2651,0,-0.8489,0.3638,-0.3833,0,-0.2245,0.4084,0.8848,0,0,0.2624,0,1]},
{"frame":43,"values":[0.4873,0.8283,-0.2767,0,-0.8371,0.3529,-0.418,0,-0.2485,0.4353,0.8653,0,0,0.2624,0,1]},
{"frame":44,"values":[0.4352,0.8417,-0.3196,0,-0.8479,0.2638,-0.4598,0,-0.3027,0.4711,0.8285,0,0,0.2624,0,1]},
{"frame":45,"values":[0.3436,0.8566,-0.385,0,-0.8596,0.1217,-0.4962,0,-0.3782,0.5015,0.7782,0,0,0.2624,0,1]},
{"frame":46,"values":[0.2502,0.8558,-0.4528,0,-0.8554,-0.0237,-0.5174,0,-0.4536,0.5168,0.7261,0,0,0.2624,0,1]},
{"frame":47,"values":[0.1994,0.8397,-0.5051,0,-0.836,-0.1231,-0.5347,0,-0.5112,0.5289,0.6775,0,0,0.2624,0,1]},
{"frame":48,"values":[0.2214,0.8176,-0.5315,0,-0.8102,-0.149,-0.5669,0,-0.5427,0.5561,0.6294,0,0,0.2624,0,1]},
{"frame":49,"values":[0.3303,0.786,-0.5225,0,-0.7739,-0.0914,-0.6267,0,-0.5404,0.6114,0.5781,0,0,0.2624,0,1]},
{"frame":50,"values":[0.4454,0.7633,-0.468,0,-0.7458,0.0271,-0.6656,0,-0.4954,0.6455,0.5813,0,0,0.2624,0,1]},
{"frame":51,"values":[0.5066,0.7748,-0.3781,0,-0.7548,0.1866,-0.6289,0,-0.4167,0.604,0.6794,0,0,0.2624,0,1]},
{"frame":52,"values":[0.5862,0.7674,-0.2599,0,-0.7476,0.3886,-0.5386,0,-0.3123,0.51,0.8014,0,0,0.2624,0,1]},
{"frame":53,"values":[0.7222,0.6779,-0.1374,0,-0.6592,0.6144,-0.4335,0,-0.2095,0.4037,0.8906,0,0,0.2624,0,1]},
{"frame":54,"values":[0.8818,0.4709,-0.0245,0,-0.4566,0.8397,-0.294,0,-0.1179,0.2704,0.9555,0,0,0.2624,0,1]},
{"frame":55,"values":[0.9982,0.0223,0.0552,0,-0.0216,0.9997,-0.0137,0,-0.0554,0.0125,0.9984,0,0,0.2624,0,1]},
{"frame":56,"values":[0.8206,0.5693,-0.0502,0,-0.5506,0.7639,-0.3366,0,-0.1533,0.3039,0.9403,0,0,0.2624,0,1]},
{"frame":57,"values":[0.8029,0.5923,-0.0664,0,-0.5725,0.7354,-0.3626,0,-0.166,0.3292,0.9296,0,0,0.2624,0,1]},
{"frame":58,"values":[0.7953,0.6011,-0.0785,0,-0.5821,0.7212,-0.3754,0,-0.169,0.3443,0.9235,0,0,0.2624,0,1]},
{"frame":59,"values":[0.8772,0.4794,-0.0265,0,-0.4676,0.8403,-0.2743,0,-0.1092,0.253,0.9613,0,0,0.2624,0,1]},
{"frame":60,"values":[0.9991,0.0225,0.0367,0,-0.0221,0.9997,-0.0112,0,-0.037,0.0104,0.9993,0,0,0.2624,0,1]},
{"frame":61,"values":[0.9994,0.0222,0.0279,0,-0.022,0.9997,-0.0094,0,-0.0281,0.0088,0.9996,0,0,0.2624,0,1]},
{"frame":62,"values":[0.9996,0.0224,0.0177,0,-0.0223,0.9997,-0.0082,0,-0.0179,0.0078,0.9998,0,0,0.2624,0,1]},
{"frame":63,"values":[0.9998,0.0218,0.0014,0,-0.0218,0.9997,-0.0068,0,-0.0015,0.0068,1,0,0,0.2624,0,1]},
{"frame":64,"values":[0.9993,0.0218,-0.029,0,-0.0219,0.9997,-0.0057,0,0.0289,0.0064,0.9996,0,0,0.2624,0,1]},
{"frame":65,"values":[0.8575,0.5024,-0.111,0,-0.5131,0.8513,-0.1101,0,0.0392,0.1513,0.9877,0,0,0.2624,0,1]},
{"frame":66,"values":[0.7996,0.5759,-0.1702,0,-0.596,0.7959,-0.1068,0,0.0739,0.1868,0.9796,0,0,0.2624,0,1]},
{"frame":67,"values":[0.8151,0.5469,-0.1913,0,-0.5694,0.8171,-0.0902,0,0.1069,0.1824,0.9774,0,0,0.2624,0,1]},
{"frame":68,"values":[0.8284,0.5248,-0.196,0,-0.5473,0.8328,-0.0834,0,0.1195,0.1763,0.977,0,0,0.2624,0,1]},
{"frame":69,"values":[0.6888,0.6931,-0.2127,0,-0.7218,0.6831,-0.1115,0,0.068,0.2303,0.9707,0,0,0.2624,0,1]},
{"frame":70,"values":[0.3204,0.9119,-0.2564,0,-0.9449,0.2887,-0.1543,0,-0.0667,0.2917,0.9542,0,0,0.2624,0,1]},
{"frame":71,"values":[-0.0888,0.9482,-0.3049,0,-0.9736,-0.1472,-0.1743,0,-0.2102,0.2814,0.9363,0,0,0.2624,0,1]},
{"frame":72,"values":[-0.3213,0.8888,-0.3267,0,-0.9031,-0.3914,-0.1766,0,-0.2849,0.2383,0.9285,0,0,0.2624,0,1]},
{"frame":73,"values":[-0.3259,0.8924,-0.3123,0,-0.9008,-0.3933,-0.1839,0,-0.287,0.2213,0.932,0,0,0.2624,0,1]},
{"frame":74,"values":[-0.2176,0.9348,-0.2806,0,-0.9407,-0.2775,-0.1952,0,-0.2604,0.2215,0.9397,0,0,0.2624,0,1]},
{"frame":75,"values":[-0.1048,0.9627,-0.2497,0,-0.9656,-0.1585,-0.206,0,-0.2379,0.2195,0.9462,0,0,0.2624,0,1]},
{"frame":76,"values":[0.023,0.9764,-0.2147,0,-0.9743,-0.0263,-0.2239,0,-0.2243,0.2143,0.9507,0,0,0.2624,0,1]},
{"frame":77,"values":[0.2306,0.9572,-0.1748,0,-0.949,0.1815,-0.2579,0,-0.2151,0.2254,0.9502,0,0,0.2624,0,1]},
{"frame":78,"values":[0.5135,0.8487,-0.1267,0,-0.8345,0.4596,-0.3038,0,-0.1996,0.2618,0.9443,0,0,0.2624,0,1]},
{"frame":79,"values":[0.7421,0.6661,-0.0751,0,-0.6483,0.6847,-0.333,0,-0.1703,0.2958,0.9399,0,0,0.2624,0,1]},
{"frame":80,"values":[0.8206,0.5693,-0.0502,0,-0.5506,0.7639,-0.3366,0,-0.1533,0.3039,0.9403,0,0,0.2624,0,1]},
{"frame":90,"values":[0.9983,0.0208,0.0549,0,-0.02,0.9997,-0.0157,0,-0.0552,0.0146,0.9984,0,0,0.2624,0,1]},
{"frame":91,"values":[0.9983,0.0208,0.0549,0,-0.02,0.9997,-0.0157,0,-0.0552,0.0146,0.9984,0,0,0.2624,0,1]}],"loopBehavior":1,"name":"anim","property":"_matrix"}},
{"name":"Foot-L","index":4,"matrix":[0.0805,0.0863,-0.993,0,0.9237,-0.3809,0.0418,0,-0.3746,-0.9206,-0.1104,0,0,0.2144,0,1],"rest":[0,-0.1147,-0.9934,0,1,0,0,0,0,-0.9934,0.1147,0,0,0.2144,0,1],"parentBoneIndex":3,"length":0.1231
,"animation":{"dataType":3,"framePerSecond":24,"keys":[
{"frame":1,"values":[0.0561,-0.0504,-0.9972,0,0.9888,-0.1353,0.0624,0,-0.138,-0.9895,0.0422,0,0,0.2144,0,1]},
{"frame":2,"values":[0.0602,0.0321,-0.9977,0,0.9709,-0.2341,0.051,0,-0.2319,-0.9717,-0.0453,0,0,0.2144,0,1]},
{"frame":3,"values":[0.0725,0.0583,-0.9957,0,0.9622,-0.2668,0.0544,0,-0.2625,-0.962,-0.0755,0,0,0.2144,0,1]},
{"frame":4,"values":[0.083,0.062,-0.9946,0,0.963,-0.2617,0.0641,0,-0.2563,-0.9632,-0.0814,0,0,0.2144,0,1]},
{"frame":5,"values":[0.0874,0.0658,-0.994,0,0.9611,-0.2679,0.0668,0,-0.2619,-0.9612,-0.0866,0,0,0.2144,0,1]},
{"frame":6,"values":[0.0858,0.074,-0.9936,0,0.947,-0.316,0.0582,0,-0.3097,-0.9459,-0.0972,0,0,0.2144,0,1]},
{"frame":7,"values":[0.0805,0.0863,-0.993,0,0.9237,-0.3809,0.0418,0,-0.3746,-0.9206,-0.1104,0,0,0.2144,0,1]},
{"frame":8,"values":[0.0745,0.1008,-0.9921,0,0.9017,-0.4317,0.0239,0,-0.4259,-0.8964,-0.123,0,0,0.2144,0,1]},
{"frame":9,"values":[0.0673,0.1174,-0.9908,0,0.8841,-0.4672,0.0047,0,-0.4623,-0.8763,-0.1352,0,0,0.2144,0,1]},
{"frame":10,"values":[0.0581,0.1357,-0.989,0,0.8734,-0.4867,-0.0155,0,-0.4835,-0.863,-0.1468,0,0,0.2144,0,1]},
{"frame":11,"values":[0.0459,0.154,-0.987,0,0.8713,-0.4894,-0.0359,0,-0.4886,-0.8583,-0.1566,0,0,0.2144,0,1]},
{"frame":12,"values":[0.0288,0.1691,-0.9852,0,0.8779,-0.4756,-0.056,0,-0.478,-0.8633,-0.1622,0,0,0.2144,0,1]},
{"frame":13,"values":[0.0079,0.1711,-0.9852,0,0.8914,-0.4477,-0.0706,0,-0.4531,-0.8777,-0.1561,0,0,0.2144,0,1]},
{"frame":14,"values":[-0.0155,0.1462,-0.9891,0,0.9097,-0.4085,-0.0747,0,-0.4149,-0.901,-0.1267,0,0,0.2144,0,1]},
{"frame":15,"values":[-0.0384,0.0642,-0.9972,0,0.9342,-0.3519,-0.0586,0,-0.3547,-0.9338,-0.0465,0,0,0.2144,0,1]},
{"frame":16,"values":[-0.0478,-0.0464,-0.9978,0,0.9611,-0.2742,-0.0333,0,-0.272,-0.9606,0.0577,0,0,0.2144,0,1]},
{"frame":17,"values":[-0.0479,-0.0467,-0.9978,0,0.9765,-0.2125,-0.0369,0,-0.2103,-0.9761,0.0558,0,0,0.2144,0,1]},
{"frame":18,"values":[-0.0402,-0.049,-0.998,0,0.9952,-0.0908,-0.0356,0,-0.0888,-0.9947,0.0524,0,0,0.2144,0,1]},
{"frame":19,"values":[-0.0311,0.0061,-0.9995,0,0.9986,-0.0429,-0.0313,0,-0.0431,-0.9991,-0.0048,0,0,0.2144,0,1]},
{"frame":20,"values":[-0.0237,-0.0023,-0.9997,0,0.9983,0.0524,-0.0237,0,0.0524,-0.9986,0.0011,0,0,0.2144,0,1]},
{"frame":21,"values":[-0.0213,-0.0511,-0.9985,0,0.9856,0.1665,-0.0295,0,0.1678,-0.9847,0.0468,0,0,0.2144,0,1]},
{"frame":22,"values":[-0.0252,-0.0504,-0.9984,0,0.9885,0.1479,-0.0324,0,0.1493,-0.9877,0.0461,0,0,0.2144,0,1]},
{"frame":23,"values":[-0.0289,-0.0499,-0.9983,0,0.9924,0.1177,-0.0346,0,0.1192,-0.9918,0.0462,0,0,0.2144,0,1]},
{"frame":24,"values":[-0.0485,-0.0496,-0.9976,0,0.9952,0.0827,-0.0525,0,0.0851,-0.9953,0.0454,0,0,0.2144,0,1]},
{"frame":25,"values":[-0.0592,-0.0496,-0.997,0,0.9967,0.0523,-0.0618,0,0.0552,-0.9974,0.0463,0,0,0.2144,0,1]},
{"frame":26,"values":[-0.0574,-0.0499,-0.9971,0,0.9976,0.0352,-0.0592,0,0.038,-0.9981,0.0478,0,0,0.2144,0,1]},
{"frame":27,"values":[-0.0558,-0.0505,-0.9972,0,0.9977,0.0358,-0.0576,0,0.0386,-0.9981,0.0484,0,0,0.2144,0,1]},
{"frame":28,"values":[-0.0522,-0.0515,-0.9973,0,0.9968,0.0583,-0.0552,0,0.0609,-0.997,0.0483,0,0,0.2144,0,1]},
{"frame":29,"values":[-0.0415,-0.053,-0.9977,0,0.9932,0.1069,-0.047,0,0.1092,-0.9928,0.0482,0,0,0.2144,0,1]},
{"frame":30,"values":[-0.0288,0.0279,-0.9992,0,0.9989,-0.0372,-0.0298,0,-0.038,-0.9989,-0.0268,0,0,0.2144,0,1]},
{"frame":31,"values":[-0.0067,0.0659,-0.9978,0,0.9972,-0.074,-0.0116,0,-0.0746,-0.9951,-0.0652,0,0,0.2144,0,1]},
{"frame":32,"values":[0.0115,0.086,-0.9962,0,0.997,-0.0771,0.0048,0,-0.0764,-0.9933,-0.0867,0,0,0.2144,0,1]},
{"frame":33,"values":[0.0202,0.1001,-0.9948,0,0.9974,-0.0713,0.0131,0,-0.0696,-0.9924,-0.1013,0,0,0.2144,0,1]},
{"frame":34,"values":[0.0234,0.1083,-0.9938,0,0.9974,-0.0698,0.0159,0,-0.0677,-0.9917,-0.1096,0,0,0.2144,0,1]},
{"frame":35,"values":[0.0241,0.1171,-0.9928,0,0.996,-0.0879,0.0138,0,-0.0856,-0.9892,-0.1188,0,0,0.2144,0,1]},
{"frame":36,"values":[0.0227,0.1328,-0.9909,0,0.991,-0.1335,0.0048,0,-0.1317,-0.9821,-0.1347,0,0,0.2144,0,1]},
{"frame":37,"values":[0.0238,0.1522,-0.9881,0,0.9808,-0.1948,-0.0064,0,-0.1934,-0.969,-0.1539,0,0,0.2144,0,1]},
{"frame":38,"values":[0.03,0.1699,-0.985,0,0.9676,-0.2523,-0.014,0,-0.2509,-0.9526,-0.1719,0,0,0.2144,0,1]},
{"frame":39,"values":[0.043,0.1774,-0.9832,0,0.9568,-0.2907,-0.0106,0,-0.2876,-0.9402,-0.1823,0,0,0.2144,0,1]},
{"frame":40,"values":[0.0604,0.1775,-0.9823,0,0.9533,-0.3019,0.004,0,-0.2958,-0.9367,-0.1874,0,0,0.2144,0,1]},
{"frame":41,"values":[0.069,0.1861,-0.9801,0,0.9587,-0.284,0.0136,0,-0.2758,-0.9406,-0.198,0,0,0.2144,0,1]},
{"frame":42,"values":[0.0756,0.1951,-0.9779,0,0.9678,-0.2504,0.0249,0,-0.24,-0.9483,-0.2078,0,0,0.2144,0,1]},
{"frame":43,"values":[0.0849,0.2118,-0.9736,0,0.9733,-0.2268,0.0355,0,-0.2133,-0.9506,-0.2254,0,0,0.2144,0,1]},
{"frame":44,"values":[0.1022,0.2431,-0.9646,0,0.9727,-0.2274,0.0458,0,-0.2082,-0.943,-0.2597,0,0,0.2144,0,1]},
{"frame":45,"values":[0.1278,0.2792,-0.9517,0,0.9687,-0.241,0.0594,0,-0.2128,-0.9295,-0.3013,0,0,0.2144,0,1]},
{"frame":46,"values":[0.1569,0.3087,-0.9381,0,0.9643,-0.2532,0.078,0,-0.2135,-0.9168,-0.3374,0,0,0.2144,0,1]},
{"frame":47,"values":[0.183,0.3317,-0.9255,0,0.9624,-0.2525,0.0998,0,-0.2006,-0.909,-0.3654,0,0,0.2144,0,1]},
{"frame":48,"values":[0.2013,0.3554,-0.9128,0,0.9642,-0.2363,0.1206,0,-0.1729,-0.9044,-0.3902,0,0,0.2144,0,1]},
{"frame":49,"values":[0.2067,0.3874,-0.8984,0,0.9696,-0.204,0.1351,0,-0.1309,-0.8991,-0.4178,0,0,0.2144,0,1]},
{"frame":50,"values":[0.1872,0.3937,-0.9,0,0.9705,-0.2158,0.1075,0,-0.1519,-0.8935,-0.4225,0,0,0.2144,0,1]},
{"frame":51,"values":[0.1472,0.34,-0.9288,0,0.9483,-0.3153,0.0349,0,-0.281,-0.886,-0.3689,0,0,0.2144,0,1]},
{"frame":52,"values":[0.1054,0.2522,-0.9619,0,0.8998,-0.436,-0.0157,0,-0.4234,-0.8639,-0.2729,0,0,0.2144,0,1]},
{"frame":53,"values":[0.0724,0.1691,-0.9829,0,0.867,-0.4979,-0.0218,0,-0.4931,-0.8506,-0.1827,0,0,0.2144,0,1]},
{"frame":54,"values":[0.0536,0.0834,-0.9951,0,0.8949,-0.4461,0.0108,0,-0.443,-0.8911,-0.0986,0,0,0.2144,0,1]},
{"frame":55,"values":[0.0567,-0.0511,-0.9971,0,0.9843,-0.1645,0.0644,0,-0.1673,-0.9851,0.041,0,0,0.2144,0,1]},
{"frame":56,"values":[0.0874,0.0923,-0.9919,0,0.995,-0.056,0.0825,0,-0.0479,-0.9942,-0.0968,0,0,0.2144,0,1]},
{"frame":57,"values":[0.0838,0.11,-0.9904,0,0.9883,-0.1362,0.0685,0,-0.1273,-0.9846,-0.1201,0,0,0.2144,0,1]},
{"frame":58,"values":[0.0732,0.1242,-0.9896,0,0.9547,-0.2958,0.0335,0,-0.2885,-0.9471,-0.1402,0,0,0.2144,0,1]},
{"frame":59,"values":[0.0496,0.0739,-0.996,0,0.9212,-0.3887,0.017,0,-0.3859,-0.9184,-0.0874,0,0,0.2144,0,1]},
{"frame":60,"values":[0.0336,-0.0516,-0.9981,0,0.9608,-0.2735,0.0464,0,-0.2754,-0.9605,0.0404,0,0,0.2144,0,1]},
{"frame":61,"values":[0.0233,-0.0492,-0.9985,0,0.9373,-0.3464,0.0389,0,-0.3478,-0.9368,0.0381,0,0,0.2144,0,1]},
{"frame":62,"values":[0.0151,-0.0489,-0.9987,0,0.9302,-0.3657,0.0319,0,-0.3668,-0.9295,0.04,0,0,0.2144,0,1]},
{"frame":63,"values":[0.0045,-0.0509,-0.9987,0,0.9374,-0.3476,0.0219,0,-0.3482,-0.9363,0.0462,0,0,0.2144,0,1]},
{"frame":64,"values":[-0.0217,-0.0539,-0.9983,0,0.9559,-0.2936,-0.005,0,-0.2929,-0.9544,0.0579,0,0,0.2144,0,1]},
{"frame":65,"values":[-0.0752,0.0497,-0.9959,0,0.8837,-0.4595,-0.0897,0,-0.462,-0.8868,-0.0093,0,0,0.2144,0,1]},
{"frame":66,"values":[-0.1008,0.0853,-0.9912,0,0.9032,-0.41,-0.1271,0,-0.4173,-0.9081,-0.0357,0,0,0.2144,0,1]},
{"frame":67,"values":[-0.1017,0.0801,-0.9916,0,0.9367,-0.3279,-0.1226,0,-0.3349,-0.9413,-0.0417,0,0,0.2144,0,1]},
{"frame":68,"values":[-0.1011,0.0742,-0.9921,0,0.949,-0.292,-0.1185,0,-0.2985,-0.9535,-0.0409,0,0,0.2144,0,1]},
{"frame":69,"values":[-0.0817,0.1192,-0.9895,0,0.9183,-0.3768,-0.1212,0,-0.3873,-0.9186,-0.0787,0,0,0.2144,0,1]},
{"frame":70,"values":[-0.0233,0.183,-0.9828,0,0.8543,-0.5069,-0.1147,0,-0.5192,-0.8423,-0.1445,0,0,0.2144,0,1]},
{"frame":71,"values":[0.0467,0.1882,-0.981,0,0.8319,-0.551,-0.0661,0,-0.5529,-0.813,-0.1823,0,0,0.2144,0,1]},
{"frame":72,"values":[0.0893,0.1188,-0.9889,0,0.9142,-0.4038,0.0341,0,-0.3952,-0.9071,-0.1447,0,0,0.2144,0,1]},
{"frame":73,"values":[0.1126,0.0322,-0.9931,0,0.991,-0.0769,0.1099,0,-0.0728,-0.9965,-0.0406,0,0,0.2144,0,1]},
{"frame":74,"values":[0.1305,-0.0149,-0.9913,0,0.9727,0.1954,0.1251,0,0.1919,-0.9806,0.04,0,0,0.2144,0,1]},
{"frame":75,"values":[0.1347,-0.0272,-0.9905,0,0.9492,0.2904,0.1211,0,0.2844,-0.9565,0.0649,0,0,0.2144,0,1]},
{"frame":76,"values":[0.1171,-0.0091,-0.9931,0,0.9713,0.2097,0.1126,0,0.2072,-0.9777,0.0333,0,0,0.2144,0,1]},
{"frame":77,"values":[0.0993,0.0236,-0.9948,0,0.9942,0.0395,0.1001,0,0.0416,-0.9989,-0.0195,0,0,0.2144,0,1]},
{"frame":78,"values":[0.0907,0.0608,-0.994,0,0.9939,-0.069,0.0864,0,-0.0634,-0.9958,-0.0667,0,0,0.2144,0,1]},
{"frame":79,"values":[0.0892,0.0855,-0.9923,0,0.9938,-0.0738,0.083,0,-0.0661,-0.9936,-0.0916,0,0,0.2144,0,1]},
{"frame":80,"values":[0.0874,0.0923,-0.9919,0,0.995,-0.056,0.0825,0,-0.0479,-0.9942,-0.0968,0,0,0.2144,0,1]},
{"frame":90,"values":[0.0561,-0.0504,-0.9972,0,0.9888,-0.1353,0.0624,0,-0.138,-0.9895,0.0422,0,0,0.2144,0,1]},
{"frame":91,"values":[0.0561,-0.0504,-0.9972,0,0.9888,-0.1353,0.0624,0,-0.138,-0.9895,0.0422,0,0,0.2144,0,1]}],"loopBehavior":1,"name":"anim","property":"_matrix"}},
{"name":"Hip-R","index":5,"matrix":[0,1,0,0,-0.9986,0,0.0533,0,0.0533,0,0.9986,0,0,0.3624,0,1],"rest":[0,1,0,0,-0.9986,0,0.0533,0,0.0533,0,0.9986,0,0,0.3624,0,1],"parentBoneIndex":0,"length":0.1335
,"animation":{"dataType":3,"framePerSecond":24,"keys":[
{"frame":1,"values":[0,1,0,0,-0.9986,0,0.0533,0,0.0533,0,0.9986,0,0,0.3624,0,1]},
{"frame":80,"values":[0,1,0,0,-0.9986,0,0.0533,0,0.0533,0,0.9986,0,0,0.3624,0,1]},
{"frame":90,"values":[0,1,0,0,-0.9986,0,0.0533,0,0.0533,0,0.9986,0,0,0.3624,0,1]},
{"frame":91,"values":[0,1,0,0,-0.9986,0,0.0533,0,0.0533,0,0.9986,0,0,0.3624,0,1]}],"loopBehavior":1,"name":"anim","property":"_matrix"}},
{"name":"UpperLeg-R","index":6,"matrix":[0.9139,0.0833,0.3973,0,-0.4054,0.2401,0.8821,0,-0.0219,-0.9672,0.2532,0,0,0.1335,0,1],"rest":[1,0,0,0,0,0.2152,0.9766,0,0,-0.9766,0.2152,0,0,0.1335,0,1],"parentBoneIndex":5,"length":0.2624
,"animation":{"dataType":3,"framePerSecond":24,"keys":[
{"frame":1,"values":[0.9471,0.0992,0.3052,0,-0.3205,0.2385,0.9168,0,0.0182,-0.9661,0.2576,0,0,0.1335,0,1]},
{"frame":2,"values":[0.9412,0.1004,0.3225,0,-0.3375,0.2416,0.9098,0,0.0134,-0.9652,0.2613,0,0,0.1335,0,1]},
{"frame":3,"values":[0.9316,0.0972,0.3503,0,-0.3635,0.2426,0.8994,0,0.0024,-0.9652,0.2613,0,0,0.1335,0,1]},
{"frame":4,"values":[0.9203,0.0912,0.3805,0,-0.3911,0.2411,0.8882,0,-0.0107,-0.9662,0.2575,0,0,0.1335,0,1]},
{"frame":5,"values":[0.9114,0.0851,0.4027,0,-0.4111,0.2377,0.8801,0,-0.0209,-0.9676,0.2516,0,0,0.1335,0,1]},
{"frame":6,"values":[0.908,0.0873,0.4097,0,-0.4184,0.238,0.8765,0,-0.021,-0.9673,0.2526,0,0,0.1335,0,1]},
{"frame":7,"values":[0.9139,0.0833,0.3973,0,-0.4054,0.2401,0.8821,0,-0.0219,-0.9672,0.2532,0,0,0.1335,0,1]},
{"frame":8,"values":[0.9307,0.077,0.3577,0,-0.3653,0.2488,0.897,0,-0.0199,-0.9655,0.2596,0,0,0.1335,0,1]},
{"frame":9,"values":[0.9545,0.0669,0.2908,0,-0.298,0.2617,0.918,0,-0.0147,-0.9628,0.2697,0,0,0.1335,0,1]},
{"frame":10,"values":[0.9783,0.0478,0.2017,0,-0.207,0.2754,0.9388,0,-0.0107,-0.9601,0.2793,0,0,0.1335,0,1]},
{"frame":11,"values":[0.9949,0.0192,0.0987,0,-0.1001,0.2869,0.9527,0,-0.01,-0.9578,0.2873,0,0,0.1335,0,1]},
{"frame":12,"values":[0.9997,-0.0217,-0.0061,0,0.0121,0.2893,0.9572,0,-0.019,-0.957,0.2895,0,0,0.1335,0,1]},
{"frame":13,"values":[0.9928,-0.0622,-0.1023,0,0.116,0.2895,0.9501,0,-0.0295,-0.9552,0.2946,0,0,0.1335,0,1]},
{"frame":14,"values":[0.9792,-0.0864,-0.1837,0,0.2013,0.2953,0.9339,0,-0.0264,-0.9515,0.3066,0,0,0.1335,0,1]},
{"frame":15,"values":[0.9633,-0.1036,-0.2474,0,0.2675,0.3013,0.9152,0,-0.0203,-0.9479,0.318,0,0,0.1335,0,1]},
{"frame":16,"values":[0.9378,-0.1255,-0.3237,0,0.347,0.3145,0.8836,0,-0.0091,-0.9409,0.3384,0,0,0.1335,0,1]},
{"frame":17,"values":[0.8858,-0.1618,-0.435,0,0.4638,0.3405,0.8179,0,0.0158,-0.9262,0.3767,0,0,0.1335,0,1]},
{"frame":18,"values":[0.8044,-0.209,-0.5561,0,0.5916,0.3668,0.7179,0,0.0539,-0.9065,0.4188,0,0,0.1335,0,1]},
{"frame":19,"values":[0.7102,-0.2548,-0.6563,0,0.697,0.3856,0.6045,0,0.0991,-0.8868,0.4515,0,0,0.1335,0,1]},
{"frame":20,"values":[0.6375,-0.2854,-0.7156,0,0.7573,0.4029,0.5139,0,0.1417,-0.8696,0.473,0,0,0.1335,0,1]},
{"frame":21,"values":[0.6184,-0.2922,-0.7295,0,0.7665,0.429,0.478,0,0.1732,-0.8547,0.4893,0,0,0.1335,0,1]},
{"frame":22,"values":[0.6307,-0.275,-0.7256,0,0.7552,0.4328,0.4924,0,0.1786,-0.8585,0.4807,0,0,0.1335,0,1]},
{"frame":23,"values":[0.6425,-0.2427,-0.7268,0,0.7519,0.3822,0.5371,0,0.1474,-0.8917,0.428,0,0,0.1335,0,1]},
{"frame":24,"values":[0.6743,-0.2072,-0.7088,0,0.7325,0.3092,0.6065,0,0.0935,-0.9282,0.3602,0,0,0.1335,0,1]},
{"frame":25,"values":[0.7306,-0.1756,-0.6598,0,0.6814,0.2494,0.6881,0,0.0437,-0.9523,0.3019,0,0,0.1335,0,1]},
{"frame":26,"values":[0.7918,-0.1522,-0.5915,0,0.6107,0.202,0.7656,0,0.0029,-0.9675,0.2529,0,0,0.1335,0,1]},
{"frame":27,"values":[0.8365,-0.1389,-0.53,0,0.5473,0.1678,0.8199,0,-0.0249,-0.976,0.2163,0,0,0.1335,0,1]},
{"frame":28,"values":[0.8674,-0.1315,-0.4798,0,0.4957,0.1453,0.8563,0,-0.0429,-0.9806,0.1912,0,0,0.1335,0,1]},
{"frame":29,"values":[0.9084,-0.1219,-0.3998,0,0.4131,0.1163,0.9032,0,-0.0636,-0.9857,0.156,0,0,0.1335,0,1]},
{"frame":30,"values":[0.9206,-0.1202,-0.3715,0,0.3847,0.1167,0.9156,0,-0.0667,-0.9859,0.1537,0,0,0.1335,0,1]},
{"frame":31,"values":[0.9134,-0.1242,-0.3876,0,0.4026,0.1364,0.9051,0,-0.0596,-0.9828,0.1746,0,0,0.1335,0,1]},
{"frame":32,"values":[0.9025,-0.1296,-0.4107,0,0.4277,0.1582,0.89,0,-0.0504,-0.9789,0.1982,0,0,0.1335,0,1]},
{"frame":33,"values":[0.895,-0.1336,-0.4255,0,0.4441,0.178,0.8781,0,-0.0416,-0.9749,0.2187,0,0,0.1335,0,1]},
{"frame":34,"values":[0.8899,-0.1364,-0.4352,0,0.4549,0.1984,0.8681,0,-0.0321,-0.9706,0.2386,0,0,0.1335,0,1]},
{"frame":35,"values":[0.8947,-0.1343,-0.4259,0,0.446,0.2183,0.868,0,-0.0237,-0.9666,0.2552,0,0,0.1335,0,1]},
{"frame":36,"values":[0.9141,-0.1235,-0.3862,0,0.4051,0.2372,0.883,0,-0.0175,-0.9636,0.2669,0,0,0.1335,0,1]},
